     y\x      ||    0.0000E+00 |    0.1000E+01 | 
================================================
   0.8900E+02 ||    0.5729E+02 |           inf | 
––––––––––––––––––––––––––––––––––––––––––––––––
   0.8901E+02 ||    0.5787E+02 |   -0.5727E+04 | 
––––––––––––––––––––––––––––––––––––––––––––––––
   0.8902E+02 ||    0.5846E+02 |   -0.2865E+04 | 
––––––––––––––––––––––––––––––––––––––––––––––––
   0.8903E+02 ||    0.5906E+02 |   -0.1910E+04 | 
––––––––––––––––––––––––––––––––––––––––––––––––
   0.8904E+02 ||    0.5968E+02 |   -0.1432E+04 | 
––––––––––––––––––––––––––––––––––––––––––––––––
   0.8905E+02 ||    0.6031E+02 |   -0.1146E+04 | 
––––––––––––––––––––––––––––––––––––––––––––––––
   0.8906E+02 ||    0.6095E+02 |   -0.9549E+03 | 
––––––––––––––––––––––––––––––––––––––––––––––––
   0.8907E+02 ||    0.6160E+02 |   -0.8185E+03 | 
––––––––––––––––––––––––––––––––––––––––––––––––
   0.8908E+02 ||    0.6227E+02 |   -0.7162E+03 | 
––––––––––––––––––––––––––––––––––––––––––––––––
   0.8909E+02 ||    0.6296E+02 |   -0.6366E+03 | 
––––––––––––––––––––––––––––––––––––––––––––––––
   0.8910E+02 ||    0.6366E+02 |   -0.5730E+03 | 
––––––––––––––––––––––––––––––––––––––––––––––––
   0.8911E+02 ||    0.6437E+02 |   -0.5209E+03 | 
––––––––––––––––––––––––––––––––––––––––––––––––
   0.8912E+02 ||    0.6510E+02 |   -0.4774E+03 | 
––––––––––––––––––––––––––––––––––––––––––––––––
   0.8913E+02 ||    0.6585E+02 |   -0.4407E+03 | 
––––––––––––––––––––––––––––––––––––––––––––––––
   0.8914E+02 ||    0.6662E+02 |   -0.4092E+03 | 
––––––––––––––––––––––––––––––––––––––––––––––––
   0.8915E+02 ||    0.6740E+02 |   -0.3820E+03 | 
––––––––––––––––––––––––––––––––––––––––––––––––
   0.8916E+02 ||    0.6820E+02 |   -0.3581E+03 | 
––––––––––––––––––––––––––––––––––––––––––––––––
   0.8917E+02 ||    0.6903E+02 |   -0.3370E+03 | 
––––––––––––––––––––––––––––––––––––––––––––––––
   0.8918E+02 ||    0.6987E+02 |   -0.3183E+03 | 
––––––––––––––––––––––––––––––––––––––––––––––––
   0.8919E+02 ||    0.7073E+02 |   -0.3015E+03 | 
––––––––––––––––––––––––––––––––––––––––––––––––
   0.8920E+02 ||    0.7162E+02 |   -0.2865E+03 | 
––––––––––––––––––––––––––––––––––––––––––––––––
   0.8921E+02 ||    0.7252E+02 |   -0.2728E+03 | 
––––––––––––––––––––––––––––––––––––––––––––––––
   0.8922E+02 ||    0.7345E+02 |   -0.2604E+03 | 
––––––––––––––––––––––––––––––––––––––––––––––––
   0.8923E+02 ||    0.7441E+02 |   -0.2491E+03 | 
––––––––––––––––––––––––––––––––––––––––––––––––
   0.8924E+02 ||    0.7538E+02 |   -0.2387E+03 | 
––––––––––––––––––––––––––––––––––––––––––––––––
   0.8925E+02 ||    0.7639E+02 |   -0.2292E+03 | 
––––––––––––––––––––––––––––––––––––––––––––––––
   0.8926E+02 ||    0.7742E+02 |   -0.2204E+03 | 
––––––––––––––––––––––––––––––––––––––––––––––––
   0.8927E+02 ||    0.7848E+02 |   -0.2122E+03 | 
––––––––––––––––––––––––––––––––––––––––––––––––
   0.8928E+02 ||    0.7957E+02 |   -0.2046E+03 | 
––––––––––––––––––––––––––––––––––––––––––––––––
   0.8929E+02 ||    0.8069E+02 |   -0.1976E+03 | 
––––––––––––––––––––––––––––––––––––––––––––––––
   0.8930E+02 ||    0.8185E+02 |   -0.1910E+03 | 
––––––––––––––––––––––––––––––––––––––––––––––––
   0.8931E+02 ||    0.8303E+02 |   -0.1848E+03 | 
––––––––––––––––––––––––––––––––––––––––––––––––
   0.8932E+02 ||    0.8425E+02 |   -0.1790E+03 | 
––––––––––––––––––––––––––––––––––––––––––––––––
   0.8933E+02 ||    0.8551E+02 |   -0.1736E+03 | 
––––––––––––––––––––––––––––––––––––––––––––––––
   0.8934E+02 ||    0.8681E+02 |   -0.1685E+03 | 
––––––––––––––––––––––––––––––––––––––––––––––––
   0.8935E+02 ||    0.8814E+02 |   -0.1637E+03 | 
––––––––––––––––––––––––––––––––––––––––––––––––
   0.8936E+02 ||    0.8952E+02 |   -0.1592E+03 | 
––––––––––––––––––––––––––––––––––––––––––––––––
   0.8937E+02 ||    0.9094E+02 |   -0.1548E+03 | 
––––––––––––––––––––––––––––––––––––––––––––––––
   0.8938E+02 ||    0.9241E+02 |   -0.1508E+03 | 
––––––––––––––––––––––––––––––––––––––––––––––––
   0.8939E+02 ||    0.9392E+02 |   -0.1469E+03 | 
––––––––––––––––––––––––––––––––––––––––––––––––
   0.8940E+02 ||    0.9549E+02 |   -0.1432E+03 | 
––––––––––––––––––––––––––––––––––––––––––––––––
   0.8941E+02 ||    0.9711E+02 |   -0.1397E+03 | 
––––––––––––––––––––––––––––––––––––––––––––––––
   0.8942E+02 ||    0.9878E+02 |   -0.1364E+03 | 
––––––––––––––––––––––––––––––––––––––––––––––––
   0.8943E+02 ||    0.1005E+03 |   -0.1332E+03 | 
––––––––––––––––––––––––––––––––––––––––––––––––
   0.8944E+02 ||    0.1023E+03 |   -0.1302E+03 | 
––––––––––––––––––––––––––––––––––––––––––––––––
   0.8945E+02 ||    0.1042E+03 |   -0.1273E+03 | 
––––––––––––––––––––––––––––––––––––––––––––––––
   0.8946E+02 ||    0.1061E+03 |   -0.1246E+03 | 
––––––––––––––––––––––––––––––––––––––––––––––––
   0.8947E+02 ||    0.1081E+03 |   -0.1219E+03 | 
––––––––––––––––––––––––––––––––––––––––––––––––
   0.8948E+02 ||    0.1102E+03 |   -0.1194E+03 | 
––––––––––––––––––––––––––––––––––––––––––––––––
   0.8949E+02 ||    0.1123E+03 |   -0.1169E+03 | 
––––––––––––––––––––––––––––––––––––––––––––––––
   0.8950E+02 ||    0.1146E+03 |   -0.1146E+03 | 
––––––––––––––––––––––––––––––––––––––––––––––––
   0.8951E+02 ||    0.1169E+03 |   -0.1123E+03 | 
––––––––––––––––––––––––––––––––––––––––––––––––
   0.8952E+02 ||    0.1194E+03 |   -0.1102E+03 | 
––––––––––––––––––––––––––––––––––––––––––––––––
   0.8953E+02 ||    0.1219E+03 |   -0.1081E+03 | 
––––––––––––––––––––––––––––––––––––––––––––––––
   0.8954E+02 ||    0.1246E+03 |   -0.1061E+03 | 
––––––––––––––––––––––––––––––––––––––––––––––––
   0.8955E+02 ||    0.1273E+03 |   -0.1042E+03 | 
––––––––––––––––––––––––––––––––––––––––––––––––
   0.8956E+02 ||    0.1302E+03 |   -0.1023E+03 | 
––––––––––––––––––––––––––––––––––––––––––––––––
   0.8957E+02 ||    0.1332E+03 |   -0.1005E+03 | 
––––––––––––––––––––––––––––––––––––––––––––––––
   0.8958E+02 ||    0.1364E+03 |   -0.9878E+02 | 
––––––––––––––––––––––––––––––––––––––––––––––––
   0.8959E+02 ||    0.1397E+03 |   -0.9711E+02 | 
––––––––––––––––––––––––––––––––––––––––––––––––
   0.8960E+02 ||    0.1432E+03 |   -0.9549E+02 | 
––––––––––––––––––––––––––––––––––––––––––––––––
   0.8961E+02 ||    0.1469E+03 |   -0.9392E+02 | 
––––––––––––––––––––––––––––––––––––––––––––––––
   0.8962E+02 ||    0.1508E+03 |   -0.9241E+02 | 
––––––––––––––––––––––––––––––––––––––––––––––––
   0.8963E+02 ||    0.1549E+03 |   -0.9094E+02 | 
––––––––––––––––––––––––––––––––––––––––––––––––
   0.8964E+02 ||    0.1592E+03 |   -0.8952E+02 | 
––––––––––––––––––––––––––––––––––––––––––––––––
   0.8965E+02 ||    0.1637E+03 |   -0.8814E+02 | 
––––––––––––––––––––––––––––––––––––––––––––––––
   0.8966E+02 ||    0.1685E+03 |   -0.8681E+02 | 
––––––––––––––––––––––––––––––––––––––––––––––––
   0.8967E+02 ||    0.1736E+03 |   -0.8551E+02 | 
––––––––––––––––––––––––––––––––––––––––––––––––
   0.8968E+02 ||    0.1790E+03 |   -0.8425E+02 | 
––––––––––––––––––––––––––––––––––––––––––––––––
   0.8969E+02 ||    0.1848E+03 |   -0.8303E+02 | 
––––––––––––––––––––––––––––––––––––––––––––––––
   0.8970E+02 ||    0.1910E+03 |   -0.8185E+02 | 
––––––––––––––––––––––––––––––––––––––––––––––––
   0.8971E+02 ||    0.1976E+03 |   -0.8069E+02 | 
––––––––––––––––––––––––––––––––––––––––––––––––
   0.8972E+02 ||    0.2046E+03 |   -0.7957E+02 | 
––––––––––––––––––––––––––––––––––––––––––––––––
   0.8973E+02 ||    0.2122E+03 |   -0.7848E+02 | 
––––––––––––––––––––––––––––––––––––––––––––––––
   0.8974E+02 ||    0.2204E+03 |   -0.7742E+02 | 
––––––––––––––––––––––––––––––––––––––––––––––––
   0.8975E+02 ||    0.2292E+03 |   -0.7639E+02 | 
––––––––––––––––––––––––––––––––––––––––––––––––
   0.8976E+02 ||    0.2387E+03 |   -0.7538E+02 | 
––––––––––––––––––––––––––––––––––––––––––––––––
   0.8977E+02 ||    0.2491E+03 |   -0.7441E+02 | 
––––––––––––––––––––––––––––––––––––––––––––––––
   0.8978E+02 ||    0.2604E+03 |   -0.7345E+02 | 
––––––––––––––––––––––––––––––––––––––––––––––––
   0.8979E+02 ||    0.2728E+03 |   -0.7252E+02 | 
––––––––––––––––––––––––––––––––––––––––––––––––
   0.8980E+02 ||    0.2865E+03 |   -0.7161E+02 | 
––––––––––––––––––––––––––––––––––––––––––––––––
   0.8981E+02 ||    0.3016E+03 |   -0.7073E+02 | 
––––––––––––––––––––––––––––––––––––––––––––––––
   0.8982E+02 ||    0.3183E+03 |   -0.6987E+02 | 
––––––––––––––––––––––––––––––––––––––––––––––––
   0.8983E+02 ||    0.3370E+03 |   -0.6903E+02 | 
––––––––––––––––––––––––––––––––––––––––––––––––
   0.8984E+02 ||    0.3581E+03 |   -0.6820E+02 | 
––––––––––––––––––––––––––––––––––––––––––––––––
   0.8985E+02 ||    0.3820E+03 |   -0.6740E+02 | 
––––––––––––––––––––––––––––––––––––––––––––––––
   0.8986E+02 ||    0.4093E+03 |   -0.6662E+02 | 
––––––––––––––––––––––––––––––––––––––––––––––––
   0.8987E+02 ||    0.4408E+03 |   -0.6585E+02 | 
––––––––––––––––––––––––––––––––––––––––––––––––
   0.8988E+02 ||    0.4775E+03 |   -0.6510E+02 | 
––––––––––––––––––––––––––––––––––––––––––––––––
   0.8989E+02 ||    0.5209E+03 |   -0.6437E+02 | 
––––––––––––––––––––––––––––––––––––––––––––––––
   0.8990E+02 ||    0.5730E+03 |   -0.6366E+02 | 
––––––––––––––––––––––––––––––––––––––––––––––––
   0.8991E+02 ||    0.6367E+03 |   -0.6296E+02 | 
––––––––––––––––––––––––––––––––––––––––––––––––
   0.8992E+02 ||    0.7162E+03 |   -0.6227E+02 | 
––––––––––––––––––––––––––––––––––––––––––––––––
   0.8993E+02 ||    0.8185E+03 |   -0.6160E+02 | 
––––––––––––––––––––––––––––––––––––––––––––––––
   0.8994E+02 ||    0.9550E+03 |   -0.6095E+02 | 
––––––––––––––––––––––––––––––––––––––––––––––––
   0.8995E+02 ||    0.1146E+04 |   -0.6031E+02 | 
––––––––––––––––––––––––––––––––––––––––––––––––
   0.8996E+02 ||    0.1432E+04 |   -0.5968E+02 | 
––––––––––––––––––––––––––––––––––––––––––––––––
   0.8997E+02 ||    0.1910E+04 |   -0.5906E+02 | 
––––––––––––––––––––––––––––––––––––––––––––––––
   0.8998E+02 ||    0.2866E+04 |   -0.5846E+02 | 
––––––––––––––––––––––––––––––––––––––––––––––––
   0.8999E+02 ||    0.5730E+04 |   -0.5787E+02 | 
––––––––––––––––––––––––––––––––––––––––––––––––
   0.9000E+02 ||           inf |   -0.5729E+02 | 
––––––––––––––––––––––––––––––––––––––––––––––––
   0.9001E+02 ||   -0.5727E+04 |   -0.5672E+02 | 
––––––––––––––––––––––––––––––––––––––––––––––––
