     y\x      ||   -0.1000E-01 |    0.0000E+00 |    0.1000E-01 |    0.2000E-01 |    0.3000E-01 |    0.4000E-01 |    0.5000E-01 | 
================================================================================================================================
   0.8995E+02 ||    0.9549E+03 |    0.1146E+04 |    0.1432E+04 |    0.1910E+04 |    0.2865E+04 |    0.5729E+04 |           inf | 
––––––––––––––––––––––––––––––––––––––––––––––––––––––––––––––––––––––––––––––––––––––––––––––––––––––––––––––––––––––––––––––––
   0.8996E+02 ||    0.1146E+04 |    0.1432E+04 |    0.1910E+04 |    0.2865E+04 |    0.5730E+04 |           inf |   -0.5729E+04 | 
––––––––––––––––––––––––––––––––––––––––––––––––––––––––––––––––––––––––––––––––––––––––––––––––––––––––––––––––––––––––––––––––
   0.8997E+02 ||    0.1432E+04 |    0.1910E+04 |    0.2864E+04 |    0.5727E+04 |           inf |   -0.5732E+04 |   -0.2865E+04 | 
––––––––––––––––––––––––––––––––––––––––––––––––––––––––––––––––––––––––––––––––––––––––––––––––––––––––––––––––––––––––––––––––
   0.8998E+02 ||    0.1910E+04 |    0.2865E+04 |    0.5729E+04 |           inf |   -0.5731E+04 |   -0.2865E+04 |   -0.1910E+04 | 
––––––––––––––––––––––––––––––––––––––––––––––––––––––––––––––––––––––––––––––––––––––––––––––––––––––––––––––––––––––––––––––––
   0.8999E+02 ||    0.2865E+04 |    0.5730E+04 |           inf |   -0.5729E+04 |   -0.2865E+04 |   -0.1910E+04 |   -0.1432E+04 | 
––––––––––––––––––––––––––––––––––––––––––––––––––––––––––––––––––––––––––––––––––––––––––––––––––––––––––––––––––––––––––––––––
   0.9000E+02 ||    0.5731E+04 |           inf |   -0.5728E+04 |   -0.2864E+04 |   -0.1910E+04 |   -0.1432E+04 |   -0.1146E+04 | 
––––––––––––––––––––––––––––––––––––––––––––––––––––––––––––––––––––––––––––––––––––––––––––––––––––––––––––––––––––––––––––––––
   0.9001E+02 ||           inf |   -0.5731E+04 |   -0.2865E+04 |   -0.1910E+04 |   -0.1433E+04 |   -0.1146E+04 |   -0.9550E+03 | 
––––––––––––––––––––––––––––––––––––––––––––––––––––––––––––––––––––––––––––––––––––––––––––––––––––––––––––––––––––––––––––––––
