     y\x      ||    0.0000E+00 |    0.1000E+01 | 
================================================
  -0.9900E-15 ||   -0.1728E-16 |    0.1746E-01 | 
––––––––––––––––––––––––––––––––––––––––––––––––
  -0.9800E-15 ||   -0.1710E-16 |    0.1746E-01 | 
––––––––––––––––––––––––––––––––––––––––––––––––
  -0.9700E-15 ||   -0.1693E-16 |    0.1746E-01 | 
––––––––––––––––––––––––––––––––––––––––––––––––
  -0.9600E-15 ||   -0.1676E-16 |    0.1746E-01 | 
––––––––––––––––––––––––––––––––––––––––––––––––
  -0.9500E-15 ||   -0.1658E-16 |    0.1746E-01 | 
––––––––––––––––––––––––––––––––––––––––––––––––
  -0.9400E-15 ||   -0.1641E-16 |    0.1746E-01 | 
––––––––––––––––––––––––––––––––––––––––––––––––
  -0.9300E-15 ||   -0.1623E-16 |    0.1746E-01 | 
––––––––––––––––––––––––––––––––––––––––––––––––
  -0.9200E-15 ||   -0.1606E-16 |    0.1746E-01 | 
––––––––––––––––––––––––––––––––––––––––––––––––
  -0.9100E-15 ||   -0.1588E-16 |    0.1746E-01 | 
––––––––––––––––––––––––––––––––––––––––––––––––
  -0.9000E-15 ||   -0.1571E-16 |    0.1746E-01 | 
––––––––––––––––––––––––––––––––––––––––––––––––
  -0.8900E-15 ||   -0.1553E-16 |    0.1746E-01 | 
––––––––––––––––––––––––––––––––––––––––––––––––
  -0.8800E-15 ||   -0.1536E-16 |    0.1746E-01 | 
––––––––––––––––––––––––––––––––––––––––––––––––
  -0.8700E-15 ||   -0.1518E-16 |    0.1746E-01 | 
––––––––––––––––––––––––––––––––––––––––––––––––
  -0.8600E-15 ||   -0.1501E-16 |    0.1746E-01 | 
––––––––––––––––––––––––––––––––––––––––––––––––
  -0.8500E-15 ||   -0.1484E-16 |    0.1746E-01 | 
––––––––––––––––––––––––––––––––––––––––––––––––
  -0.8400E-15 ||   -0.1466E-16 |    0.1746E-01 | 
––––––––––––––––––––––––––––––––––––––––––––––––
  -0.8300E-15 ||   -0.1449E-16 |    0.1746E-01 | 
––––––––––––––––––––––––––––––––––––––––––––––––
  -0.8200E-15 ||   -0.1431E-16 |    0.1746E-01 | 
––––––––––––––––––––––––––––––––––––––––––––––––
  -0.8100E-15 ||   -0.1414E-16 |    0.1746E-01 | 
––––––––––––––––––––––––––––––––––––––––––––––––
  -0.8000E-15 ||   -0.1396E-16 |    0.1746E-01 | 
––––––––––––––––––––––––––––––––––––––––––––––––
  -0.7900E-15 ||   -0.1379E-16 |    0.1746E-01 | 
––––––––––––––––––––––––––––––––––––––––––––––––
  -0.7800E-15 ||   -0.1361E-16 |    0.1746E-01 | 
––––––––––––––––––––––––––––––––––––––––––––––––
  -0.7700E-15 ||   -0.1344E-16 |    0.1746E-01 | 
––––––––––––––––––––––––––––––––––––––––––––––––
  -0.7600E-15 ||   -0.1326E-16 |    0.1746E-01 | 
––––––––––––––––––––––––––––––––––––––––––––––––
  -0.7500E-15 ||   -0.1309E-16 |    0.1746E-01 | 
––––––––––––––––––––––––––––––––––––––––––––––––
  -0.7400E-15 ||   -0.1292E-16 |    0.1746E-01 | 
––––––––––––––––––––––––––––––––––––––––––––––––
  -0.7300E-15 ||   -0.1274E-16 |    0.1746E-01 | 
––––––––––––––––––––––––––––––––––––––––––––––––
  -0.7200E-15 ||   -0.1257E-16 |    0.1746E-01 | 
––––––––––––––––––––––––––––––––––––––––––––––––
  -0.7100E-15 ||   -0.1239E-16 |    0.1746E-01 | 
––––––––––––––––––––––––––––––––––––––––––––––––
  -0.7000E-15 ||   -0.1222E-16 |    0.1746E-01 | 
––––––––––––––––––––––––––––––––––––––––––––––––
  -0.6900E-15 ||   -0.1204E-16 |    0.1746E-01 | 
––––––––––––––––––––––––––––––––––––––––––––––––
  -0.6800E-15 ||   -0.1187E-16 |    0.1746E-01 | 
––––––––––––––––––––––––––––––––––––––––––––––––
  -0.6700E-15 ||   -0.1169E-16 |    0.1746E-01 | 
––––––––––––––––––––––––––––––––––––––––––––––––
  -0.6600E-15 ||   -0.1152E-16 |    0.1746E-01 | 
––––––––––––––––––––––––––––––––––––––––––––––––
  -0.6500E-15 ||   -0.1134E-16 |    0.1746E-01 | 
––––––––––––––––––––––––––––––––––––––––––––––––
  -0.6400E-15 ||   -0.1117E-16 |    0.1746E-01 | 
––––––––––––––––––––––––––––––––––––––––––––––––
  -0.6300E-15 ||   -0.1100E-16 |    0.1746E-01 | 
––––––––––––––––––––––––––––––––––––––––––––––––
  -0.6200E-15 ||   -0.1082E-16 |    0.1746E-01 | 
––––––––––––––––––––––––––––––––––––––––––––––––
  -0.6100E-15 ||   -0.1065E-16 |    0.1746E-01 | 
––––––––––––––––––––––––––––––––––––––––––––––––
  -0.6000E-15 ||   -0.1047E-16 |    0.1746E-01 | 
––––––––––––––––––––––––––––––––––––––––––––––––
  -0.5900E-15 ||   -0.1030E-16 |    0.1746E-01 | 
––––––––––––––––––––––––––––––––––––––––––––––––
  -0.5800E-15 ||   -0.1012E-16 |    0.1746E-01 | 
––––––––––––––––––––––––––––––––––––––––––––––––
  -0.5700E-15 ||   -0.9948E-17 |    0.1746E-01 | 
––––––––––––––––––––––––––––––––––––––––––––––––
  -0.5600E-15 ||   -0.9774E-17 |    0.1746E-01 | 
––––––––––––––––––––––––––––––––––––––––––––––––
  -0.5500E-15 ||   -0.9599E-17 |    0.1746E-01 | 
––––––––––––––––––––––––––––––––––––––––––––––––
  -0.5400E-15 ||   -0.9425E-17 |    0.1746E-01 | 
––––––––––––––––––––––––––––––––––––––––––––––––
  -0.5300E-15 ||   -0.9250E-17 |    0.1746E-01 | 
––––––––––––––––––––––––––––––––––––––––––––––––
  -0.5200E-15 ||   -0.9076E-17 |    0.1746E-01 | 
––––––––––––––––––––––––––––––––––––––––––––––––
  -0.5100E-15 ||   -0.8901E-17 |    0.1746E-01 | 
––––––––––––––––––––––––––––––––––––––––––––––––
  -0.5000E-15 ||   -0.8727E-17 |    0.1746E-01 | 
––––––––––––––––––––––––––––––––––––––––––––––––
  -0.4900E-15 ||   -0.8552E-17 |    0.1746E-01 | 
––––––––––––––––––––––––––––––––––––––––––––––––
  -0.4800E-15 ||   -0.8378E-17 |    0.1746E-01 | 
––––––––––––––––––––––––––––––––––––––––––––––––
  -0.4700E-15 ||   -0.8203E-17 |    0.1746E-01 | 
––––––––––––––––––––––––––––––––––––––––––––––––
  -0.4600E-15 ||   -0.8029E-17 |    0.1746E-01 | 
––––––––––––––––––––––––––––––––––––––––––––––––
  -0.4500E-15 ||   -0.7854E-17 |    0.1746E-01 | 
––––––––––––––––––––––––––––––––––––––––––––––––
  -0.4400E-15 ||   -0.7679E-17 |    0.1746E-01 | 
––––––––––––––––––––––––––––––––––––––––––––––––
  -0.4300E-15 ||   -0.7505E-17 |    0.1746E-01 | 
––––––––––––––––––––––––––––––––––––––––––––––––
  -0.4200E-15 ||   -0.7330E-17 |    0.1746E-01 | 
––––––––––––––––––––––––––––––––––––––––––––––––
  -0.4100E-15 ||   -0.7156E-17 |    0.1746E-01 | 
––––––––––––––––––––––––––––––––––––––––––––––––
  -0.4000E-15 ||   -0.6981E-17 |    0.1746E-01 | 
––––––––––––––––––––––––––––––––––––––––––––––––
  -0.3900E-15 ||   -0.6807E-17 |    0.1746E-01 | 
––––––––––––––––––––––––––––––––––––––––––––––––
  -0.3800E-15 ||   -0.6632E-17 |    0.1746E-01 | 
––––––––––––––––––––––––––––––––––––––––––––––––
  -0.3700E-15 ||   -0.6458E-17 |    0.1746E-01 | 
––––––––––––––––––––––––––––––––––––––––––––––––
  -0.3600E-15 ||   -0.6283E-17 |    0.1746E-01 | 
––––––––––––––––––––––––––––––––––––––––––––––––
  -0.3500E-15 ||   -0.6109E-17 |    0.1746E-01 | 
––––––––––––––––––––––––––––––––––––––––––––––––
  -0.3400E-15 ||   -0.5934E-17 |    0.1746E-01 | 
––––––––––––––––––––––––––––––––––––––––––––––––
  -0.3300E-15 ||   -0.5760E-17 |    0.1746E-01 | 
––––––––––––––––––––––––––––––––––––––––––––––––
  -0.3200E-15 ||   -0.5585E-17 |    0.1746E-01 | 
––––––––––––––––––––––––––––––––––––––––––––––––
  -0.3100E-15 ||   -0.5411E-17 |    0.1746E-01 | 
––––––––––––––––––––––––––––––––––––––––––––––––
  -0.3000E-15 ||   -0.5236E-17 |    0.1746E-01 | 
––––––––––––––––––––––––––––––––––––––––––––––––
  -0.2900E-15 ||   -0.5061E-17 |    0.1746E-01 | 
––––––––––––––––––––––––––––––––––––––––––––––––
  -0.2800E-15 ||   -0.4887E-17 |    0.1746E-01 | 
––––––––––––––––––––––––––––––––––––––––––––––––
  -0.2700E-15 ||   -0.4712E-17 |    0.1746E-01 | 
––––––––––––––––––––––––––––––––––––––––––––––––
  -0.2600E-15 ||   -0.4538E-17 |    0.1746E-01 | 
––––––––––––––––––––––––––––––––––––––––––––––––
  -0.2500E-15 ||   -0.4363E-17 |    0.1746E-01 | 
––––––––––––––––––––––––––––––––––––––––––––––––
  -0.2400E-15 ||   -0.4189E-17 |    0.1746E-01 | 
––––––––––––––––––––––––––––––––––––––––––––––––
  -0.2300E-15 ||   -0.4014E-17 |    0.1746E-01 | 
––––––––––––––––––––––––––––––––––––––––––––––––
  -0.2200E-15 ||   -0.3840E-17 |    0.1746E-01 | 
––––––––––––––––––––––––––––––––––––––––––––––––
  -0.2100E-15 ||   -0.3665E-17 |    0.1746E-01 | 
––––––––––––––––––––––––––––––––––––––––––––––––
  -0.2000E-15 ||   -0.3491E-17 |    0.1746E-01 | 
––––––––––––––––––––––––––––––––––––––––––––––––
  -0.1900E-15 ||   -0.3316E-17 |    0.1746E-01 | 
––––––––––––––––––––––––––––––––––––––––––––––––
  -0.1800E-15 ||   -0.3142E-17 |    0.1746E-01 | 
––––––––––––––––––––––––––––––––––––––––––––––––
  -0.1700E-15 ||   -0.2967E-17 |    0.1746E-01 | 
––––––––––––––––––––––––––––––––––––––––––––––––
  -0.1600E-15 ||   -0.2793E-17 |    0.1746E-01 | 
––––––––––––––––––––––––––––––––––––––––––––––––
  -0.1500E-15 ||   -0.2618E-17 |    0.1746E-01 | 
––––––––––––––––––––––––––––––––––––––––––––––––
  -0.1400E-15 ||   -0.2443E-17 |    0.1746E-01 | 
––––––––––––––––––––––––––––––––––––––––––––––––
  -0.1300E-15 ||   -0.2269E-17 |    0.1746E-01 | 
––––––––––––––––––––––––––––––––––––––––––––––––
  -0.1200E-15 ||   -0.2094E-17 |    0.1746E-01 | 
––––––––––––––––––––––––––––––––––––––––––––––––
  -0.1100E-15 ||   -0.1920E-17 |    0.1746E-01 | 
––––––––––––––––––––––––––––––––––––––––––––––––
  -0.1000E-15 ||   -0.1745E-17 |    0.1746E-01 | 
––––––––––––––––––––––––––––––––––––––––––––––––
  -0.9000E-16 ||   -0.1571E-17 |    0.1746E-01 | 
––––––––––––––––––––––––––––––––––––––––––––––––
  -0.8000E-16 ||   -0.1396E-17 |    0.1746E-01 | 
––––––––––––––––––––––––––––––––––––––––––––––––
  -0.7000E-16 ||   -0.1222E-17 |    0.1746E-01 | 
––––––––––––––––––––––––––––––––––––––––––––––––
  -0.6000E-16 ||   -0.1047E-17 |    0.1746E-01 | 
––––––––––––––––––––––––––––––––––––––––––––––––
  -0.5000E-16 ||   -0.8727E-18 |    0.1746E-01 | 
––––––––––––––––––––––––––––––––––––––––––––––––
  -0.4000E-16 ||   -0.6981E-18 |    0.1746E-01 | 
––––––––––––––––––––––––––––––––––––––––––––––––
  -0.3000E-16 ||   -0.5236E-18 |    0.1746E-01 | 
––––––––––––––––––––––––––––––––––––––––––––––––
  -0.2000E-16 ||   -0.3491E-18 |    0.1746E-01 | 
––––––––––––––––––––––––––––––––––––––––––––––––
  -0.1000E-16 ||   -0.1745E-18 |    0.1746E-01 | 
––––––––––––––––––––––––––––––––––––––––––––––––
   0.0000E+00 ||             0 |    0.1746E-01 | 
––––––––––––––––––––––––––––––––––––––––––––––––
   0.1000E-16 ||    0.1745E-18 |    0.1746E-01 | 
––––––––––––––––––––––––––––––––––––––––––––––––
