     y\x      ||   -0.1000E-02 |   -0.5000E-03 |    0.0000E+00 |    0.5000E-03 |    0.1000E-02 | 
================================================================================================
   0.0000E+00 ||   -0.1745E-04 |   -0.8727E-05 |             0 |    0.8727E-05 |    0.1745E-04 | 
––––––––––––––––––––––––––––––––––––––––––––––––––––––––––––––––––––––––––––––––––––––––––––––––
   0.1800E+03 ||   -0.1737E-04 |   -0.8639E-05 |    0.8742E-07 |    0.8814E-05 |    0.1754E-04 | 
––––––––––––––––––––––––––––––––––––––––––––––––––––––––––––––––––––––––––––––––––––––––––––––––
   0.3600E+03 ||   -0.1728E-04 |   -0.8552E-05 |    0.1748E-06 |    0.8901E-05 |    0.1763E-04 | 
––––––––––––––––––––––––––––––––––––––––––––––––––––––––––––––––––––––––––––––––––––––––––––––––
   0.5400E+03 ||   -0.1719E-04 |   -0.8464E-05 |    0.2623E-06 |    0.8989E-05 |    0.1772E-04 | 
––––––––––––––––––––––––––––––––––––––––––––––––––––––––––––––––––––––––––––––––––––––––––––––––
   0.7200E+03 ||   -0.1710E-04 |   -0.8377E-05 |    0.3497E-06 |    0.9076E-05 |    0.1780E-04 | 
––––––––––––––––––––––––––––––––––––––––––––––––––––––––––––––––––––––––––––––––––––––––––––––––
   0.9000E+03 ||   -0.1702E-04 |   -0.8290E-05 |    0.4371E-06 |    0.9164E-05 |    0.1789E-04 | 
––––––––––––––––––––––––––––––––––––––––––––––––––––––––––––––––––––––––––––––––––––––––––––––––
   0.1080E+04 ||   -0.1693E-04 |   -0.8202E-05 |    0.5245E-06 |    0.9251E-05 |    0.1798E-04 | 
––––––––––––––––––––––––––––––––––––––––––––––––––––––––––––––––––––––––––––––––––––––––––––––––
   0.1260E+04 ||   -0.1684E-04 |   -0.8115E-05 |    0.6120E-06 |    0.9339E-05 |    0.1807E-04 | 
––––––––––––––––––––––––––––––––––––––––––––––––––––––––––––––––––––––––––––––––––––––––––––––––
   0.1440E+04 ||   -0.1675E-04 |   -0.8027E-05 |    0.6994E-06 |    0.9426E-05 |    0.1815E-04 | 
––––––––––––––––––––––––––––––––––––––––––––––––––––––––––––––––––––––––––––––––––––––––––––––––
   0.1620E+04 ||   -0.1667E-04 |   -0.7940E-05 |    0.7868E-06 |    0.9513E-05 |    0.1824E-04 | 
––––––––––––––––––––––––––––––––––––––––––––––––––––––––––––––––––––––––––––––––––––––––––––––––
   0.1800E+04 ||   -0.1658E-04 |   -0.7852E-05 |    0.8742E-06 |    0.9601E-05 |    0.1833E-04 | 
––––––––––––––––––––––––––––––––––––––––––––––––––––––––––––––––––––––––––––––––––––––––––––––––
