           1
       65533
      131064
      196594
      262123
      327651
      393178
      458704
      524229
      589753
      655276
      720798
      786319
      851839
      917358
      982876
     1048393
     1113909
     1179424
     1244938
     1310451
     1375963
     1441474
     1506984
     1572493
     1638001
     1703508
     1769014
     1834519
     1900023
     1965526
     2031028
     2096529
     2162029
     2227528
     2293026
     2358523
     2424019
     2489514
     2555008
     2620501
     2685993
     2751484
     2816974
     2882463
     2947951
     3013438
     3078924
     3144409
     3209893
     3275376
     3340858
     3406339
     3471819
     3537298
     3602776
     3668253
     3733729
     3799204
     3864678
     3930151
     3995623
     4061094
     4126564
     4192033
     4257501
     4322968
     4388434
     4453899
     4519363
     4584826
     4650288
     4715749
     4781209
     4846668
     4912126
     4977583
     5043039
     5108494
     5173948
     5239401
     5304853
     5370304
     5435754
     5501203
     5566651
     5632098
     5697544
     5762989
     5828433
     5893876
     5959318
     6024759
     6090199
     6155638
     6221076
     6286513
     6351949
     6417384
     6482818
     6548251
     6613683
     6679114
     6744544
     6809973
     6875401
     6940828
     7006254
     7071679
     7137103
     7202526
     7267948
     7333369
     7398789
     7464208
     7529626
     7595043
     7660459
     7725874
     7791288
     7856701
     7922113
     7987524
     8052934
     8118343
     8183751
     8249158
     8314564
     8379969
     8445373
     8510776
     8576178
     8641579
     8706979
     8772378
     8837776
     8903173
     8968569
     9033964
     9099358
     9164751
     9230143
     9295534
     9360924
     9426313
     9491701
     9557088
     9622474
     9687859
     9753243
     9818626
     9884008
     9949389
    10014769
    10080148
    10145526
    10210903
    10276279
    10341654
    10407028
    10472401
    10537773
    10603144
    10668514
    10733883
    10799251
    10864618
    10929984
    10995349
    11060713
    11126076
    11191438
    11256799
    11322159
    11387518
    11452876
    11518233
    11583589
    11648944
    11714298
    11779651
    11845003
    11910354
    11975704
    12041053
    12106401
    12171748
    12237094
    12302439
    12367783
    12433126
    12498468
    12563809
    12629149
    12694488
    12759826
    12825163
    12890499
    12955834
    13021168
    13086501
    13151833
    13217164
    13282494
    13347823
    13413151
    13478478
    13543804
    13609129
    13674453
    13739776
    13805098
    13870419
    13935739
    14001058
    14066376
    14131693
    14197009
    14262324
    14327638
    14392951
    14458263
    14523574
    14588884
    14654193
    14719501
    14784808
    14850114
    14915419
    14980723
    15046026
    15111328
    15176629
    15241929
    15307228
    15372526
    15437823
    15503119
    15568414
    15633708
    15699001
    15764293
    15829584
    15894874
    15960163
    16025451
    16090738
    16156024
    16221309
    16286593
    16351876
    16417158
    16482439
    16547719
    16612998
    16678276
    16743553
    16808829
    16874104
    16939378
    17004651
    17069923
    17135194
    17200464
    17265733
    17331001
    17396268
    17461534
    17526799
    17592063
    17657326
    17722588
    17787849
    17853109
    17918368
    17983626
    18048883
    18114139
    18179394
    18244648
    18309901
    18375153
    18440404
    18505654
    18570903
    18636151
    18701398
    18766644
    18831889
    18897133
    18962376
    19027618
    19092859
    19158099
    19223338
    19288576
    19353813
    19419049
    19484284
    19549518
    19614751
    19679983
    19745214
    19810444
    19875673
    19940901
    20006128
    20071354
    20136579
    20201803
    20267026
    20332248
    20397469
    20462689
    20527908
    20593126
    20658343
    20723559
    20788774
    20853988
    20919201
    20984413
    21049624
    21114834
    21180043
    21245251
    21310458
    21375664
    21440869
    21506073
    21571276
    21636478
    21701679
    21766879
    21832078
    21897276
    21962473
    22027669
    22092864
    22158058
    22223251
    22288443
    22353634
    22418824
    22484013
    22549201
    22614388
    22679574
    22744759
    22809943
    22875126
    22940308
    23005489
    23070669
    23135848
    23201026
    23266203
    23331379
    23396554
    23461728
    23526901
    23592073
    23657244
    23722414
    23787583
    23852751
    23917918
    23983084
    24048249
    24113413
    24178576
    24243738
    24308899
    24374059
    24439218
    24504376
    24569533
    24634689
    24699844
    24764998
    24830151
    24895303
    24960454
    25025604
    25090753
    25155901
    25221048
    25286194
    25351339
    25416483
    25481626
    25546768
    25611909
    25677049
    25742188
    25807326
    25872463
    25937599
    26002734
    26067868
    26133001
    26198133
    26263264
    26328394
    26393523
    26458651
    26523778
    26588904
    26654029
    26719153
    26784276
    26849398
    26914519
    26979639
    27044758
    27109876
    27174993
    27240109
    27305224
    27370338
    27435451
    27500563
    27565674
    27630784
    27695893
    27761001
    27826108
    27891214
    27956319
    28021423
    28086526
    28151628
    28216729
    28281829
    28346928
    28412026
    28477123
    28542219
    28607314
    28672408
    28737501
    28802593
    28867684
    28932774
    28997863
    29062951
    29128038
    29193124
    29258209
    29323293
    29388376
    29453458
    29518539
    29583619
    29648698
    29713776
    29778853
    29843929
    29909004
    29974078
    30039151
    30104223
    30169294
    30234364
    30299433
    30364501
    30429568
    30494634
    30559699
    30624763
    30689826
    30754888
    30819949
    30885009
    30950068
    31015126
    31080183
    31145239
    31210294
    31275348
    31340401
    31405453
    31470504
    31535554
    31600603
    31665651
    31730698
    31795744
    31860789
    31925833
    31990876
    32055918
    32120959
    32185999
    32251038
    32316076
    32381113
    32446149
    32511184
    32576218
    32641251
    32706283
    32771314
    32836344
    32901373
    32966401
    33031428
    33096454
    33161479
    33226503
    33291526
    33356548
    33421569
    33486589
    33551608
    33616626
    33681643
    33746659
    33811674
    33876688
    33941701
    34006713
    34071724
    34136734
    34201743
    34266751
    34331758
    34396764
    34461769
    34526773
    34591776
    34656778
    34721779
    34786779
    34851778
    34916776
    34981773
    35046769
    35111764
    35176758
    35241751
    35306743
    35371734
    35436724
    35501713
    35566701
    35631688
    35696674
    35761659
    35826643
    35891626
    35956608
    36021589
    36086569
    36151548
    36216526
    36281503
    36346479
    36411454
    36476428
    36541401
    36606373
    36671344
    36736314
    36801283
    36866251
    36931218
    36996184
    37061149
    37126113
    37191076
    37256038
    37320999
    37385959
    37450918
    37515876
    37580833
    37645789
    37710744
    37775698
    37840651
    37905603
    37970554
    38035504
    38100453
    38165401
    38230348
    38295294
    38360239
    38425183
    38490126
    38555068
    38620009
    38684949
    38749888
    38814826
    38879763
    38944699
    39009634
    39074568
    39139501
    39204433
    39269364
    39334294
    39399223
    39464151
    39529078
    39594004
    39658929
    39723853
    39788776
    39853698
    39918619
    39983539
    40048458
    40113376
    40178293
    40243209
    40308124
    40373038
    40437951
    40502863
    40567774
    40632684
    40697593
    40762501
    40827408
    40892314
    40957219
    41022123
    41087026
    41151928
    41216829
    41281729
    41346628
    41411526
    41476423
    41541319
    41606214
    41671108
    41736001
    41800893
    41865784
    41930674
    41995563
    42060451
    42125338
    42190224
    42255109
    42319993
    42384876
    42449758
    42514639
    42579519
    42644398
    42709276
    42774153
    42839029
    42903904
    42968778
    43033651
    43098523
    43163394
    43228264
    43293133
    43358001
    43422868
    43487734
    43552599
    43617463
    43682326
    43747188
    43812049
    43876909
    43941768
    44006626
    44071483
    44136339
    44201194
    44266048
    44330901
    44395753
    44460604
    44525454
    44590303
    44655151
    44719998
    44784844
    44849689
    44914533
    44979376
    45044218
    45109059
    45173899
    45238738
    45303576
    45368413
    45433249
    45498084
    45562918
    45627751
    45692583
    45757414
    45822244
    45887073
    45951901
    46016728
    46081554
    46146379
    46211203
    46276026
    46340848
    46405669
    46470489
    46535308
    46600126
    46664943
    46729759
    46794574
    46859388
    46924201
    46989013
    47053824
    47118634
    47183443
    47248251
    47313058
    47377864
    47442669
    47507473
    47572276
    47637078
    47701879
    47766679
    47831478
    47896276
    47961073
    48025869
    48090664
    48155458
    48220251
    48285043
    48349834
    48414624
    48479413
    48544201
    48608988
    48673774
    48738559
    48803343
    48868126
    48932908
    48997689
    49062469
    49127248
    49192026
    49256803
    49321579
    49386354
    49451128
    49515901
    49580673
    49645444
    49710214
    49774983
    49839751
    49904518
    49969284
    50034049
    50098813
    50163576
    50228338
    50293099
    50357859
    50422618
    50487376
    50552133
    50616889
    50681644
    50746398
    50811151
    50875903
    50940654
    51005404
    51070153
    51134901
    51199648
    51264394
    51329139
    51393883
    51458626
    51523368
    51588109
    51652849
    51717588
    51782326
    51847063
    51911799
    51976534
    52041268
    52106001
    52170733
    52235464
    52300194
    52364923
    52429651
    52494378
    52559104
    52623829
    52688553
    52753276
    52817998
    52882719
    52947439
    53012158
    53076876
    53141593
    53206309
    53271024
    53335738
    53400451
    53465163
    53529874
    53594584
    53659293
    53724001
    53788708
    53853414
    53918119
    53982823
    54047526
    54112228
    54176929
    54241629
    54306328
    54371026
    54435723
    54500419
    54565114
    54629808
    54694501
    54759193
    54823884
    54888574
    54953263
    55017951
    55082638
    55147324
    55212009
    55276693
    55341376
    55406058
    55470739
    55535419
    55600098
    55664776
    55729453
    55794129
    55858804
    55923478
    55988151
    56052823
    56117494
    56182164
    56246833
    56311501
    56376168
    56440834
    56505499
    56570163
    56634826
    56699488
    56764149
    56828809
    56893468
    56958126
    57022783
    57087439
    57152094
    57216748
    57281401
    57346053
    57410704
    57475354
    57540003
    57604651
    57669298
    57733944
    57798589
    57863233
    57927876
    57992518
    58057159
    58121799
    58186438
    58251076
    58315713
    58380349
    58444984
    58509618
    58574251
    58638883
    58703514
    58768144
    58832773
    58897401
    58962028
    59026654
    59091279
    59155903
    59220526
    59285148
    59349769
    59414389
    59479008
    59543626
    59608243
    59672859
    59737474
    59802088
    59866701
    59931313
    59995924
    60060534
    60125143
    60189751
    60254358
    60318964
    60383569
    60448173
    60512776
    60577378
    60641979
    60706579
    60771178
    60835776
    60900373
    60964969
    61029564
    61094158
    61158751
    61223343
    61287934
    61352524
    61417113
    61481701
    61546288
    61610874
    61675459
    61740043
    61804626
    61869208
    61933789
    61998369
    62062948
    62127526
    62192103
    62256679
    62321254
    62385828
    62450401
    62514973
    62579544
    62644114
    62708683
    62773251
    62837818
    62902384
    62966949
    63031513
    63096076
    63160638
    63225199
    63289759
    63354318
    63418876
    63483433
    63547989
    63612544
    63677098
    63741651
    63806203
    63870754
    63935304
    63999853
    64064401
    64128948
    64193494
    64258039
    64322583
    64387126
    64451668
    64516209
    64580749
    64645288
    64709826
    64774363
    64838899
    64903434
    64967968
    65032501
    65097033
    65161564
    65226094
    65290623
    65355151
    65419678
    65484204
    65548729
    65613253
    65677776
    65742298
    65806819
    65871339
    65935858
    66000376
    66064893
    66129409
    66193924
    66258438
    66322951
    66387463
    66451974
    66516484
    66580993
    66645501
    66710008
    66774514
    66839019
    66903523
    66968026
    67032528
    67097029
    67161529
    67226028
    67290526
    67355023
    67419519
    67484014
    67548508
    67613001
    67677493
    67741984
    67806474
    67870963
    67935451
    67999938
    68064424
    68128909
    68193393
    68257876
    68322358
    68386839
    68451319
    68515798
    68580276
    68644753
    68709229
    68773704
    68838178
    68902651
    68967123
    69031594
    69096064
    69160533
    69225001
    69289468
    69353934
    69418399
    69482863
    69547326
    69611788
    69676249
    69740709
    69805168
    69869626
    69934083
    69998539
    70062994
    70127448
    70191901
    70256353
    70320804
    70385254
    70449703
    70514151
    70578598
    70643044
    70707489
    70771933
    70836376
    70900818
    70965259
    71029699
    71094138
    71158576
    71223013
    71287449
    71351884
    71416318
    71480751
    71545183
    71609614
    71674044
    71738473
    71802901
    71867328
    71931754
    71996179
    72060603
    72125026
    72189448
    72253869
    72318289
    72382708
    72447126
    72511543
    72575959
    72640374
    72704788
    72769201
    72833613
    72898024
    72962434
    73026843
    73091251
    73155658
    73220064
    73284469
    73348873
    73413276
    73477678
    73542079
    73606479
    73670878
    73735276
    73799673
    73864069
    73928464
    73992858
    74057251
    74121643
    74186034
    74250424
    74314813
    74379201
    74443588
    74507974
    74572359
    74636743
    74701126
    74765508
    74829889
    74894269
    74958648
    75023026
    75087403
    75151779
    75216154
    75280528
    75344901
    75409273
    75473644
    75538014
    75602383
    75666751
    75731118
    75795484
    75859849
    75924213
    75988576
    76052938
    76117299
    76181659
    76246018
    76310376
    76374733
    76439089
    76503444
    76567798
    76632151
    76696503
    76760854
    76825204
    76889553
    76953901
    77018248
    77082594
    77146939
    77211283
    77275626
    77339968
    77404309
    77468649
    77532988
    77597326
    77661663
    77725999
    77790334
    77854668
    77919001
    77983333
    78047664
    78111994
    78176323
    78240651
    78304978
    78369304
    78433629
    78497953
    78562276
    78626598
    78690919
    78755239
    78819558
    78883876
    78948193
    79012509
    79076824
    79141138
    79205451
    79269763
    79334074
    79398384
    79462693
    79527001
    79591308
    79655614
    79719919
    79784223
    79848526
    79912828
    79977129
    80041429
    80105728
    80170026
    80234323
    80298619
    80362914
    80427208
    80491501
    80555793
    80620084
    80684374
    80748663
    80812951
    80877238
    80941524
    81005809
    81070093
    81134376
    81198658
    81262939
    81327219
    81391498
    81455776
    81520053
    81584329
    81648604
    81712878
    81777151
    81841423
    81905694
    81969964
    82034233
    82098501
    82162768
    82227034
    82291299
    82355563
    82419826
    82484088
    82548349
    82612609
    82676868
    82741126
    82805383
    82869639
    82933894
    82998148
    83062401
    83126653
    83190904
    83255154
    83319403
    83383651
    83447898
    83512144
    83576389
    83640633
    83704876
    83769118
    83833359
    83897599
    83961838
    84026076
    84090313
    84154549
    84218784
    84283018
    84347251
    84411483
    84475714
    84539944
    84604173
    84668401
    84732628
    84796854
    84861079
    84925303
    84989526
    85053748
    85117969
    85182189
    85246408
    85310626
    85374843
    85439059
    85503274
    85567488
    85631701
    85695913
    85760124
    85824334
    85888543
    85952751
    86016958
    86081164
    86145369
    86209573
    86273776
    86337978
    86402179
    86466379
    86530578
    86594776
    86658973
    86723169
    86787364
    86851558
    86915751
    86979943
    87044134
    87108324
    87172513
    87236701
    87300888
    87365074
    87429259
    87493443
    87557626
    87621808
    87685989
    87750169
    87814348
    87878526
    87942703
    88006879
    88071054
    88135228
    88199401
    88263573
    88327744
    88391914
    88456083
    88520251
    88584418
    88648584
    88712749
    88776913
    88841076
    88905238
    88969399
    89033559
    89097718
    89161876
    89226033
    89290189
    89354344
    89418498
    89482651
    89546803
    89610954
    89675104
    89739253
    89803401
    89867548
    89931694
    89995839
    90059983
    90124126
    90188268
    90252409
    90316549
    90380688
    90444826
    90508963
    90573099
    90637234
    90701368
    90765501
    90829633
    90893764
    90957894
    91022023
    91086151
    91150278
    91214404
    91278529
    91342653
    91406776
    91470898
    91535019
    91599139
    91663258
    91727376
    91791493
    91855609
    91919724
    91983838
    92047951
    92112063
    92176174
    92240284
    92304393
    92368501
    92432608
    92496714
    92560819
    92624923
    92689026
    92753128
    92817229
    92881329
    92945428
    93009526
    93073623
    93137719
    93201814
    93265908
    93330001
    93394093
    93458184
    93522274
    93586363
    93650451
    93714538
    93778624
    93842709
    93906793
    93970876
    94034958
    94099039
    94163119
    94227198
    94291276
    94355353
    94419429
    94483504
    94547578
    94611651
    94675723
    94739794
    94803864
    94867933
    94932001
    94996068
    95060134
    95124199
    95188263
    95252326
    95316388
    95380449
    95444509
    95508568
    95572626
    95636683
    95700739
    95764794
    95828848
    95892901
    95956953
    96021004
    96085054
    96149103
    96213151
    96277198
    96341244
    96405289
    96469333
    96533376
    96597418
    96661459
    96725499
    96789538
    96853576
    96917613
    96981649
    97045684
    97109718
    97173751
    97237783
    97301814
    97365844
    97429873
    97493901
    97557928
    97621954
    97685979
    97750003
    97814026
    97878048
    97942069
    98006089
    98070108
    98134126
    98198143
    98262159
    98326174
    98390188
    98454201
    98518213
    98582224
    98646234
    98710243
    98774251
    98838258
    98902264
    98966269
    99030273
    99094276
    99158278
    99222279
    99286279
    99350278
    99414276
    99478273
    99542269
    99606264
    99670258
    99734251
    99798243
    99862234
    99926224
    99990213
   100054201
   100118188
   100182174
   100246159
   100310143
   100374126
   100438108
   100502089
   100566069
   100630048
   100694026
   100758003
   100821979
   100885954
   100949928
   101013901
   101077873
   101141844
   101205814
   101269783
   101333751
   101397718
   101461684
   101525649
   101589613
   101653576
   101717538
   101781499
   101845459
   101909418
   101973376
   102037333
   102101289
   102165244
   102229198
   102293151
   102357103
   102421054
   102485004
   102548953
   102612901
   102676848
   102740794
   102804739
   102868683
   102932626
   102996568
   103060509
   103124449
   103188388
   103252326
   103316263
   103380199
   103444134
   103508068
   103572001
   103635933
   103699864
   103763794
   103827723
   103891651
   103955578
   104019504
   104083429
   104147353
   104211276
   104275198
   104339119
   104403039
   104466958
   104530876
   104594793
   104658709
   104722624
   104786538
   104850451
   104914363
   104978274
   105042184
   105106093
   105170001
   105233908
   105297814
   105361719
   105425623
   105489526
   105553428
   105617329
   105681229
   105745128
   105809026
   105872923
   105936819
   106000714
   106064608
   106128501
   106192393
   106256284
   106320174
   106384063
   106447951
   106511838
   106575724
   106639609
   106703493
   106767376
   106831258
   106895139
   106959019
   107022898
   107086776
   107150653
   107214529
   107278404
   107342278
   107406151
   107470023
   107533894
   107597764
   107661633
   107725501
   107789368
   107853234
   107917099
   107980963
   108044826
   108108688
   108172549
   108236409
   108300268
   108364126
   108427983
   108491839
   108555694
   108619548
   108683401
   108747253
   108811104
   108874954
   108938803
   109002651
   109066498
   109130344
   109194189
   109258033
   109321876
   109385718
   109449559
   109513399
   109577238
   109641076
   109704913
   109768749
   109832584
   109896418
   109960251
   110024083
   110087914
   110151744
   110215573
   110279401
   110343228
   110407054
   110470879
   110534703
   110598526
   110662348
   110726169
   110789989
   110853808
   110917626
   110981443
   111045259
   111109074
   111172888
   111236701
   111300513
   111364324
   111428134
   111491943
   111555751
   111619558
   111683364
   111747169
   111810973
   111874776
   111938578
   112002379
   112066179
   112129978
   112193776
   112257573
   112321369
   112385164
   112448958
   112512751
   112576543
   112640334
   112704124
   112767913
   112831701
   112895488
   112959274
   113023059
   113086843
   113150626
   113214408
   113278189
   113341969
   113405748
   113469526
   113533303
   113597079
   113660854
   113724628
   113788401
   113852173
   113915944
   113979714
   114043483
   114107251
   114171018
   114234784
   114298549
   114362313
   114426076
   114489838
   114553599
   114617359
   114681118
   114744876
   114808633
   114872389
   114936144
   114999898
   115063651
   115127403
   115191154
   115254904
   115318653
   115382401
   115446148
   115509894
   115573639
   115637383
   115701126
   115764868
   115828609
   115892349
   115956088
   116019826
   116083563
   116147299
   116211034
   116274768
   116338501
   116402233
   116465964
   116529694
   116593423
   116657151
   116720878
   116784604
   116848329
   116912053
   116975776
   117039498
   117103219
   117166939
   117230658
   117294376
   117358093
   117421809
   117485524
   117549238
   117612951
   117676663
   117740374
   117804084
   117867793
   117931501
   117995208
   118058914
   118122619
   118186323
   118250026
   118313728
   118377429
   118441129
   118504828
   118568526
   118632223
   118695919
   118759614
   118823308
   118887001
   118950693
   119014384
   119078074
   119141763
   119205451
   119269138
   119332824
   119396509
   119460193
   119523876
   119587558
   119651239
   119714919
   119778598
   119842276
   119905953
   119969629
   120033304
   120096978
   120160651
   120224323
   120287994
   120351664
   120415333
   120479001
   120542668
   120606334
   120669999
   120733663
   120797326
   120860988
   120924649
   120988309
   121051968
   121115626
   121179283
   121242939
   121306594
   121370248
   121433901
   121497553
   121561204
   121624854
   121688503
   121752151
   121815798
   121879444
   121943089
   122006733
   122070376
   122134018
   122197659
   122261299
   122324938
   122388576
   122452213
   122515849
   122579484
   122643118
   122706751
   122770383
   122834014
   122897644
   122961273
   123024901
   123088528
   123152154
   123215779
   123279403
   123343026
   123406648
   123470269
   123533889
   123597508
   123661126
   123724743
   123788359
   123851974
   123915588
   123979201
   124042813
   124106424
   124170034
   124233643
   124297251
   124360858
   124424464
   124488069
   124551673
   124615276
   124678878
   124742479
   124806079
   124869678
   124933276
   124996873
   125060469
   125124064
   125187658
   125251251
   125314843
   125378434
   125442024
   125505613
   125569201
   125632788
   125696374
   125759959
   125823543
   125887126
   125950708
   126014289
   126077869
   126141448
   126205026
   126268603
   126332179
   126395754
   126459328
   126522901
   126586473
   126650044
   126713614
   126777183
   126840751
   126904318
   126967884
   127031449
   127095013
   127158576
   127222138
   127285699
   127349259
   127412818
   127476376
   127539933
   127603489
   127667044
   127730598
   127794151
   127857703
   127921254
   127984804
   128048353
   128111901
   128175448
   128238994
   128302539
   128366083
   128429626
   128493168
   128556709
   128620249
   128683788
   128747326
   128810863
   128874399
   128937934
   129001468
   129065001
   129128533
   129192064
   129255594
   129319123
   129382651
   129446178
   129509704
   129573229
   129636753
   129700276
   129763798
   129827319
   129890839
   129954358
   130017876
   130081393
   130144909
   130208424
   130271938
   130335451
   130398963
   130462474
   130525984
   130589493
   130653001
   130716508
   130780014
   130843519
   130907023
   130970526
   131034028
   131097529
   131161029
   131224528
   131288026
   131351523
   131415019
   131478514
   131542008
   131605501
   131668993
   131732484
   131795974
   131859463
   131922951
   131986438
   132049924
   132113409
   132176893
   132240376
   132303858
   132367339
   132430819
   132494298
   132557776
   132621253
   132684729
   132748204
   132811678
   132875151
   132938623
   133002094
   133065564
   133129033
   133192501
   133255968
   133319434
   133382899
   133446363
   133509826
   133573288
   133636749
   133700209
   133763668
   133827126
   133890583
   133954039
   134017494
   134080948
   134144401
   134207853
   134271304
   134334754
   134398203
   134461651
   134525098
   134588544
   134651989
   134715433
   134778876
   134842318
   134905759
   134969199
   135032638
   135096076
   135159513
   135222949
   135286384
   135349818
   135413251
   135476683
   135540114
   135603544
   135666973
   135730401
   135793828
   135857254
   135920679
   135984103
   136047526
   136110948
   136174369
   136237789
   136301208
   136364626
   136428043
   136491459
   136554874
   136618288
   136681701
   136745113
   136808524
   136871934
   136935343
   136998751
   137062158
   137125564
   137188969
   137252373
   137315776
   137379178
   137442579
   137505979
   137569378
   137632776
   137696173
   137759569
   137822964
   137886358
   137949751
   138013143
   138076534
   138139924
   138203313
   138266701
   138330088
   138393474
   138456859
   138520243
   138583626
   138647008
   138710389
   138773769
   138837148
   138900526
   138963903
   139027279
   139090654
   139154028
   139217401
   139280773
   139344144
   139407514
   139470883
   139534251
   139597618
   139660984
   139724349
   139787713
   139851076
   139914438
   139977799
   140041159
   140104518
   140167876
   140231233
   140294589
   140357944
   140421298
   140484651
   140548003
   140611354
   140674704
   140738053
   140801401
   140864748
   140928094
   140991439
   141054783
   141118126
   141181468
   141244809
   141308149
   141371488
   141434826
   141498163
   141561499
   141624834
   141688168
   141751501
   141814833
   141878164
   141941494
   142004823
   142068151
   142131478
   142194804
   142258129
   142321453
   142384776
   142448098
   142511419
   142574739
   142638058
   142701376
   142764693
   142828009
   142891324
   142954638
   143017951
   143081263
   143144574
   143207884
   143271193
   143334501
   143397808
   143461114
   143524419
   143587723
   143651026
   143714328
   143777629
   143840929
   143904228
   143967526
   144030823
   144094119
   144157414
   144220708
   144284001
   144347293
   144410584
   144473874
   144537163
   144600451
   144663738
   144727024
   144790309
   144853593
   144916876
   144980158
   145043439
   145106719
   145169998
   145233276
   145296553
   145359829
   145423104
   145486378
   145549651
   145612923
   145676194
   145739464
   145802733
   145866001
   145929268
   145992534
   146055799
   146119063
   146182326
   146245588
   146308849
   146372109
   146435368
   146498626
   146561883
   146625139
   146688394
   146751648
   146814901
   146878153
   146941404
   147004654
   147067903
   147131151
   147194398
   147257644
   147320889
   147384133
   147447376
   147510618
   147573859
   147637099
   147700338
   147763576
   147826813
   147890049
   147953284
   148016518
   148079751
   148142983
   148206214
   148269444
   148332673
   148395901
   148459128
   148522354
   148585579
   148648803
   148712026
   148775248
   148838469
   148901689
   148964908
   149028126
   149091343
   149154559
   149217774
   149280988
   149344201
   149407413
   149470624
   149533834
   149597043
   149660251
   149723458
   149786664
   149849869
   149913073
   149976276
   150039478
   150102679
   150165879
   150229078
   150292276
   150355473
   150418669
   150481864
   150545058
   150608251
   150671443
   150734634
   150797824
   150861013
   150924201
   150987388
   151050574
   151113759
   151176943
   151240126
   151303308
   151366489
   151429669
   151492848
   151556026
   151619203
   151682379
   151745554
   151808728
   151871901
   151935073
   151998244
   152061414
   152124583
   152187751
   152250918
   152314084
   152377249
   152440413
   152503576
   152566738
   152629899
   152693059
   152756218
   152819376
   152882533
   152945689
   153008844
   153071998
   153135151
   153198303
   153261454
   153324604
   153387753
   153450901
   153514048
   153577194
   153640339
   153703483
   153766626
   153829768
   153892909
   153956049
   154019188
   154082326
   154145463
   154208599
   154271734
   154334868
   154398001
   154461133
   154524264
   154587394
   154650523
   154713651
   154776778
   154839904
   154903029
   154966153
   155029276
   155092398
   155155519
   155218639
   155281758
   155344876
   155407993
   155471109
   155534224
   155597338
   155660451
   155723563
   155786674
   155849784
   155912893
   155976001
   156039108
   156102214
   156165319
   156228423
   156291526
   156354628
   156417729
   156480829
   156543928
   156607026
   156670123
   156733219
   156796314
   156859408
   156922501
   156985593
   157048684
   157111774
   157174863
   157237951
   157301038
   157364124
   157427209
   157490293
   157553376
   157616458
   157679539
   157742619
   157805698
   157868776
   157931853
   157994929
   158058004
   158121078
   158184151
   158247223
   158310294
   158373364
   158436433
   158499501
   158562568
   158625634
   158688699
   158751763
   158814826
   158877888
   158940949
   159004009
   159067068
   159130126
   159193183
   159256239
   159319294
   159382348
   159445401
   159508453
   159571504
   159634554
   159697603
   159760651
   159823698
   159886744
   159949789
   160012833
   160075876
   160138918
   160201959
   160264999
   160328038
   160391076
   160454113
   160517149
   160580184
   160643218
   160706251
   160769283
   160832314
   160895344
   160958373
   161021401
   161084428
   161147454
   161210479
   161273503
   161336526
   161399548
   161462569
   161525589
   161588608
   161651626
   161714643
   161777659
   161840674
   161903688
   161966701
   162029713
   162092724
   162155734
   162218743
   162281751
   162344758
   162407764
   162470769
   162533773
   162596776
   162659778
   162722779
   162785779
   162848778
   162911776
   162974773
   163037769
   163100764
   163163758
   163226751
   163289743
   163352734
   163415724
   163478713
   163541701
   163604688
   163667674
   163730659
   163793643
   163856626
   163919608
   163982589
   164045569
   164108548
   164171526
   164234503
   164297479
   164360454
   164423428
   164486401
   164549373
   164612344
   164675314
   164738283
   164801251
   164864218
   164927184
   164990149
   165053113
   165116076
   165179038
   165241999
   165304959
   165367918
   165430876
   165493833
   165556789
   165619744
   165682698
   165745651
   165808603
   165871554
   165934504
   165997453
   166060401
   166123348
   166186294
   166249239
   166312183
   166375126
   166438068
   166501009
   166563949
   166626888
   166689826
   166752763
   166815699
   166878634
   166941568
   167004501
   167067433
   167130364
   167193294
   167256223
   167319151
   167382078
   167445004
   167507929
   167570853
   167633776
   167696698
   167759619
   167822539
   167885458
   167948376
   168011293
   168074209
   168137124
   168200038
   168262951
   168325863
   168388774
   168451684
   168514593
   168577501
   168640408
   168703314
   168766219
   168829123
   168892026
   168954928
   169017829
   169080729
   169143628
   169206526
   169269423
   169332319
   169395214
   169458108
   169521001
   169583893
   169646784
   169709674
   169772563
   169835451
   169898338
   169961224
   170024109
   170086993
   170149876
   170212758
   170275639
   170338519
   170401398
   170464276
   170527153
   170590029
   170652904
   170715778
   170778651
   170841523
   170904394
   170967264
   171030133
   171093001
   171155868
   171218734
   171281599
   171344463
   171407326
   171470188
   171533049
   171595909
   171658768
   171721626
   171784483
   171847339
   171910194
   171973048
   172035901
   172098753
   172161604
   172224454
   172287303
   172350151
   172412998
   172475844
   172538689
   172601533
   172664376
   172727218
   172790059
   172852899
   172915738
   172978576
   173041413
   173104249
   173167084
   173229918
   173292751
   173355583
   173418414
   173481244
   173544073
   173606901
   173669728
   173732554
   173795379
   173858203
   173921026
   173983848
   174046669
   174109489
   174172308
   174235126
   174297943
   174360759
   174423574
   174486388
   174549201
   174612013
   174674824
   174737634
   174800443
   174863251
   174926058
   174988864
   175051669
   175114473
   175177276
   175240078
   175302879
   175365679
   175428478
   175491276
   175554073
   175616869
   175679664
   175742458
   175805251
   175868043
   175930834
   175993624
   176056413
   176119201
   176181988
   176244774
   176307559
   176370343
   176433126
   176495908
   176558689
   176621469
   176684248
   176747026
   176809803
   176872579
   176935354
   176998128
   177060901
   177123673
   177186444
   177249214
   177311983
   177374751
   177437518
   177500284
   177563049
   177625813
   177688576
   177751338
   177814099
   177876859
   177939618
   178002376
   178065133
   178127889
   178190644
   178253398
   178316151
   178378903
   178441654
   178504404
   178567153
   178629901
   178692648
   178755394
   178818139
   178880883
   178943626
   179006368
   179069109
   179131849
   179194588
   179257326
   179320063
   179382799
   179445534
   179508268
   179571001
   179633733
   179696464
   179759194
   179821923
   179884651
   179947378
   180010104
   180072829
   180135553
   180198276
   180260998
   180323719
   180386439
   180449158
   180511876
   180574593
   180637309
   180700024
   180762738
   180825451
   180888163
   180950874
   181013584
   181076293
   181139001
   181201708
   181264414
   181327119
   181389823
   181452526
   181515228
   181577929
   181640629
   181703328
   181766026
   181828723
   181891419
   181954114
   182016808
   182079501
   182142193
   182204884
   182267574
   182330263
   182392951
   182455638
   182518324
   182581009
   182643693
   182706376
   182769058
   182831739
   182894419
   182957098
   183019776
   183082453
   183145129
   183207804
   183270478
   183333151
   183395823
   183458494
   183521164
   183583833
   183646501
   183709168
   183771834
   183834499
   183897163
   183959826
   184022488
   184085149
   184147809
   184210468
   184273126
   184335783
   184398439
   184461094
   184523748
   184586401
   184649053
   184711704
   184774354
   184837003
   184899651
   184962298
   185024944
   185087589
   185150233
   185212876
   185275518
   185338159
   185400799
   185463438
   185526076
   185588713
   185651349
   185713984
   185776618
   185839251
   185901883
   185964514
   186027144
   186089773
   186152401
   186215028
   186277654
   186340279
   186402903
   186465526
   186528148
   186590769
   186653389
   186716008
   186778626
   186841243
   186903859
   186966474
   187029088
   187091701
   187154313
   187216924
   187279534
   187342143
   187404751
   187467358
   187529964
   187592569
   187655173
   187717776
   187780378
   187842979
   187905579
   187968178
   188030776
   188093373
   188155969
   188218564
   188281158
   188343751
   188406343
   188468934
   188531524
   188594113
   188656701
   188719288
   188781874
   188844459
   188907043
   188969626
   189032208
   189094789
   189157369
   189219948
   189282526
   189345103
   189407679
   189470254
   189532828
   189595401
   189657973
   189720544
   189783114
   189845683
   189908251
   189970818
   190033384
   190095949
   190158513
   190221076
   190283638
   190346199
   190408759
   190471318
   190533876
   190596433
   190658989
   190721544
   190784098
   190846651
   190909203
   190971754
   191034304
   191096853
   191159401
   191221948
   191284494
   191347039
   191409583
   191472126
   191534668
   191597209
   191659749
   191722288
   191784826
   191847363
   191909899
   191972434
   192034968
   192097501
   192160033
   192222564
   192285094
   192347623
   192410151
   192472678
   192535204
   192597729
   192660253
   192722776
   192785298
   192847819
   192910339
   192972858
   193035376
   193097893
   193160409
   193222924
   193285438
   193347951
   193410463
   193472974
   193535484
   193597993
   193660501
   193723008
   193785514
   193848019
   193910523
   193973026
   194035528
   194098029
   194160529
   194223028
   194285526
   194348023
   194410519
   194473014
   194535508
   194598001
   194660493
   194722984
   194785474
   194847963
   194910451
   194972938
   195035424
   195097909
   195160393
   195222876
   195285358
   195347839
   195410319
   195472798
   195535276
   195597753
   195660229
   195722704
   195785178
   195847651
   195910123
   195972594
   196035064
   196097533
   196160001
   196222468
   196284934
   196347399
   196409863
   196472326
   196534788
   196597249
   196659709
   196722168
   196784626
   196847083
   196909539
   196971994
   197034448
   197096901
   197159353
   197221804
   197284254
   197346703
   197409151
   197471598
   197534044
   197596489
   197658933
   197721376
   197783818
   197846259
   197908699
   197971138
   198033576
   198096013
   198158449
   198220884
   198283318
   198345751
   198408183
   198470614
   198533044
   198595473
   198657901
   198720328
   198782754
   198845179
   198907603
   198970026
   199032448
   199094869
   199157289
   199219708
   199282126
   199344543
   199406959
   199469374
   199531788
   199594201
   199656613
   199719024
   199781434
   199843843
   199906251
   199968658
   200031064
   200093469
   200155873
   200218276
   200280678
   200343079
   200405479
   200467878
   200530276
   200592673
   200655069
   200717464
   200779858
   200842251
   200904643
   200967034
   201029424
   201091813
   201154201
   201216588
   201278974
   201341359
   201403743
   201466126
   201528508
   201590889
   201653269
   201715648
   201778026
   201840403
   201902779
   201965154
   202027528
   202089901
   202152273
   202214644
   202277014
   202339383
   202401751
   202464118
   202526484
   202588849
   202651213
   202713576
   202775938
   202838299
   202900659
   202963018
   203025376
   203087733
   203150089
   203212444
   203274798
   203337151
   203399503
   203461854
   203524204
   203586553
   203648901
   203711248
   203773594
   203835939
   203898283
   203960626
   204022968
   204085309
   204147649
   204209988
   204272326
   204334663
   204396999
   204459334
   204521668
   204584001
   204646333
   204708664
   204770994
   204833323
   204895651
   204957978
   205020304
   205082629
   205144953
   205207276
   205269598
   205331919
   205394239
   205456558
   205518876
   205581193
   205643509
   205705824
   205768138
   205830451
   205892763
   205955074
   206017384
   206079693
   206142001
   206204308
   206266614
   206328919
   206391223
   206453526
   206515828
   206578129
   206640429
   206702728
   206765026
   206827323
   206889619
   206951914
   207014208
   207076501
   207138793
   207201084
   207263374
   207325663
   207387951
   207450238
   207512524
   207574809
   207637093
   207699376
   207761658
   207823939
   207886219
   207948498
   208010776
   208073053
   208135329
   208197604
   208259878
   208322151
   208384423
   208446694
   208508964
   208571233
   208633501
   208695768
   208758034
   208820299
   208882563
   208944826
   209007088
   209069349
   209131609
   209193868
   209256126
   209318383
   209380639
   209442894
   209505148
   209567401
   209629653
   209691904
   209754154
   209816403
   209878651
   209940898
   210003144
   210065389
   210127633
   210189876
   210252118
   210314359
   210376599
   210438838
   210501076
   210563313
   210625549
   210687784
   210750018
   210812251
   210874483
   210936714
   210998944
   211061173
   211123401
   211185628
   211247854
   211310079
   211372303
   211434526
   211496748
   211558969
   211621189
   211683408
   211745626
   211807843
   211870059
   211932274
   211994488
   212056701
   212118913
   212181124
   212243334
   212305543
   212367751
   212429958
   212492164
   212554369
   212616573
   212678776
   212740978
   212803179
   212865379
   212927578
   212989776
   213051973
   213114169
   213176364
   213238558
   213300751
   213362943
   213425134
   213487324
   213549513
   213611701
   213673888
   213736074
   213798259
   213860443
   213922626
   213984808
   214046989
   214109169
   214171348
   214233526
   214295703
   214357879
   214420054
   214482228
   214544401
   214606573
   214668744
   214730914
   214793083
   214855251
   214917418
   214979584
   215041749
   215103913
   215166076
   215228238
   215290399
   215352559
   215414718
   215476876
   215539033
   215601189
   215663344
   215725498
   215787651
   215849803
   215911954
   215974104
   216036253
   216098401
   216160548
   216222694
   216284839
   216346983
   216409126
   216471268
   216533409
   216595549
   216657688
   216719826
   216781963
   216844099
   216906234
   216968368
   217030501
   217092633
   217154764
   217216894
   217279023
   217341151
   217403278
   217465404
   217527529
   217589653
   217651776
   217713898
   217776019
   217838139
   217900258
   217962376
   218024493
   218086609
   218148724
   218210838
   218272951
   218335063
   218397174
   218459284
   218521393
   218583501
   218645608
   218707714
   218769819
   218831923
   218894026
   218956128
   219018229
   219080329
   219142428
   219204526
   219266623
   219328719
   219390814
   219452908
   219515001
   219577093
   219639184
   219701274
   219763363
   219825451
   219887538
   219949624
   220011709
   220073793
   220135876
   220197958
   220260039
   220322119
   220384198
   220446276
   220508353
   220570429
   220632504
   220694578
   220756651
   220818723
   220880794
   220942864
   221004933
   221067001
   221129068
   221191134
   221253199
   221315263
   221377326
   221439388
   221501449
   221563509
   221625568
   221687626
   221749683
   221811739
   221873794
   221935848
   221997901
   222059953
   222122004
   222184054
   222246103
   222308151
   222370198
   222432244
   222494289
   222556333
   222618376
   222680418
   222742459
   222804499
   222866538
   222928576
   222990613
   223052649
   223114684
   223176718
   223238751
   223300783
   223362814
   223424844
   223486873
   223548901
   223610928
   223672954
   223734979
   223797003
   223859026
   223921048
   223983069
   224045089
   224107108
   224169126
   224231143
   224293159
   224355174
   224417188
   224479201
   224541213
   224603224
   224665234
   224727243
   224789251
   224851258
   224913264
   224975269
   225037273
   225099276
   225161278
   225223279
   225285279
   225347278
   225409276
   225471273
   225533269
   225595264
   225657258
   225719251
   225781243
   225843234
   225905224
   225967213
   226029201
   226091188
   226153174
   226215159
   226277143
   226339126
   226401108
   226463089
   226525069
   226587048
   226649026
   226711003
   226772979
   226834954
   226896928
   226958901
   227020873
   227082844
   227144814
   227206783
   227268751
   227330718
   227392684
   227454649
   227516613
   227578576
   227640538
   227702499
   227764459
   227826418
   227888376
   227950333
   228012289
   228074244
   228136198
   228198151
   228260103
   228322054
   228384004
   228445953
   228507901
   228569848
   228631794
   228693739
   228755683
   228817626
   228879568
   228941509
   229003449
   229065388
   229127326
   229189263
   229251199
   229313134
   229375068
   229437001
   229498933
   229560864
   229622794
   229684723
   229746651
   229808578
   229870504
   229932429
   229994353
   230056276
   230118198
   230180119
   230242039
   230303958
   230365876
   230427793
   230489709
   230551624
   230613538
   230675451
   230737363
   230799274
   230861184
   230923093
   230985001
   231046908
   231108814
   231170719
   231232623
   231294526
   231356428
   231418329
   231480229
   231542128
   231604026
   231665923
   231727819
   231789714
   231851608
   231913501
   231975393
   232037284
   232099174
   232161063
   232222951
   232284838
   232346724
   232408609
   232470493
   232532376
   232594258
   232656139
   232718019
   232779898
   232841776
   232903653
   232965529
   233027404
   233089278
   233151151
   233213023
   233274894
   233336764
   233398633
   233460501
   233522368
   233584234
   233646099
   233707963
   233769826
   233831688
   233893549
   233955409
   234017268
   234079126
   234140983
   234202839
   234264694
   234326548
   234388401
   234450253
   234512104
   234573954
   234635803
   234697651
   234759498
   234821344
   234883189
   234945033
   235006876
   235068718
   235130559
   235192399
   235254238
   235316076
   235377913
   235439749
   235501584
   235563418
   235625251
   235687083
   235748914
   235810744
   235872573
   235934401
   235996228
   236058054
   236119879
   236181703
   236243526
   236305348
   236367169
   236428989
   236490808
   236552626
   236614443
   236676259
   236738074
   236799888
   236861701
   236923513
   236985324
   237047134
   237108943
   237170751
   237232558
   237294364
   237356169
   237417973
   237479776
   237541578
   237603379
   237665179
   237726978
   237788776
   237850573
   237912369
   237974164
   238035958
   238097751
   238159543
   238221334
   238283124
   238344913
   238406701
   238468488
   238530274
   238592059
   238653843
   238715626
   238777408
   238839189
   238900969
   238962748
   239024526
   239086303
   239148079
   239209854
   239271628
   239333401
   239395173
   239456944
   239518714
   239580483
   239642251
   239704018
   239765784
   239827549
   239889313
   239951076
   240012838
   240074599
   240136359
   240198118
   240259876
   240321633
   240383389
   240445144
   240506898
   240568651
   240630403
   240692154
   240753904
   240815653
   240877401
   240939148
   241000894
   241062639
   241124383
   241186126
   241247868
   241309609
   241371349
   241433088
   241494826
   241556563
   241618299
   241680034
   241741768
   241803501
   241865233
   241926964
   241988694
   242050423
   242112151
   242173878
   242235604
   242297329
   242359053
   242420776
   242482498
   242544219
   242605939
   242667658
   242729376
   242791093
   242852809
   242914524
   242976238
   243037951
   243099663
   243161374
   243223084
   243284793
   243346501
   243408208
   243469914
   243531619
   243593323
   243655026
   243716728
   243778429
   243840129
   243901828
   243963526
   244025223
   244086919
   244148614
   244210308
   244272001
   244333693
   244395384
   244457074
   244518763
   244580451
   244642138
   244703824
   244765509
   244827193
   244888876
   244950558
   245012239
   245073919
   245135598
   245197276
   245258953
   245320629
   245382304
   245443978
   245505651
   245567323
   245628994
   245690664
   245752333
   245814001
   245875668
   245937334
   245998999
   246060663
   246122326
   246183988
   246245649
   246307309
   246368968
   246430626
   246492283
   246553939
   246615594
   246677248
   246738901
   246800553
   246862204
   246923854
   246985503
   247047151
   247108798
   247170444
   247232089
   247293733
   247355376
   247417018
   247478659
   247540299
   247601938
   247663576
   247725213
   247786849
   247848484
   247910118
   247971751
   248033383
   248095014
   248156644
   248218273
   248279901
   248341528
   248403154
   248464779
   248526403
   248588026
   248649648
   248711269
   248772889
   248834508
   248896126
   248957743
   249019359
   249080974
   249142588
   249204201
   249265813
   249327424
   249389034
   249450643
   249512251
   249573858
   249635464
   249697069
   249758673
   249820276
   249881878
   249943479
   250005079
   250066678
   250128276
   250189873
   250251469
   250313064
   250374658
   250436251
   250497843
   250559434
   250621024
   250682613
   250744201
   250805788
   250867374
   250928959
   250990543
   251052126
   251113708
   251175289
   251236869
   251298448
   251360026
   251421603
   251483179
   251544754
   251606328
   251667901
   251729473
   251791044
   251852614
   251914183
   251975751
   252037318
   252098884
   252160449
   252222013
   252283576
   252345138
   252406699
   252468259
   252529818
   252591376
   252652933
   252714489
   252776044
   252837598
   252899151
   252960703
   253022254
   253083804
   253145353
   253206901
   253268448
   253329994
   253391539
   253453083
   253514626
   253576168
   253637709
   253699249
   253760788
   253822326
   253883863
   253945399
   254006934
   254068468
   254130001
   254191533
   254253064
   254314594
   254376123
   254437651
   254499178
   254560704
   254622229
   254683753
   254745276
   254806798
   254868319
   254929839
   254991358
   255052876
   255114393
   255175909
   255237424
   255298938
   255360451
   255421963
   255483474
   255544984
   255606493
   255668001
   255729508
   255791014
   255852519
   255914023
   255975526
   256037028
   256098529
   256160029
   256221528
   256283026
   256344523
   256406019
   256467514
   256529008
   256590501
   256651993
   256713484
   256774974
   256836463
   256897951
   256959438
   257020924
   257082409
   257143893
   257205376
   257266858
   257328339
   257389819
   257451298
   257512776
   257574253
   257635729
   257697204
   257758678
   257820151
   257881623
   257943094
   258004564
   258066033
   258127501
   258188968
   258250434
   258311899
   258373363
   258434826
   258496288
   258557749
   258619209
   258680668
   258742126
   258803583
   258865039
   258926494
   258987948
   259049401
   259110853
   259172304
   259233754
   259295203
   259356651
   259418098
   259479544
   259540989
   259602433
   259663876
   259725318
   259786759
   259848199
   259909638
   259971076
   260032513
   260093949
   260155384
   260216818
   260278251
   260339683
   260401114
   260462544
   260523973
   260585401
   260646828
   260708254
   260769679
   260831103
   260892526
   260953948
   261015369
   261076789
   261138208
   261199626
   261261043
   261322459
   261383874
   261445288
   261506701
   261568113
   261629524
   261690934
   261752343
   261813751
   261875158
   261936564
   261997969
   262059373
   262120776
   262182178
   262243579
   262304979
   262366378
   262427776
   262489173
   262550569
   262611964
   262673358
   262734751
   262796143
   262857534
   262918924
   262980313
   263041701
   263103088
   263164474
   263225859
   263287243
   263348626
   263410008
   263471389
   263532769
   263594148
   263655526
   263716903
   263778279
   263839654
   263901028
   263962401
   264023773
   264085144
   264146514
   264207883
   264269251
   264330618
   264391984
   264453349
   264514713
   264576076
   264637438
   264698799
   264760159
   264821518
   264882876
   264944233
   265005589
   265066944
   265128298
   265189651
   265251003
   265312354
   265373704
   265435053
   265496401
   265557748
   265619094
   265680439
   265741783
   265803126
   265864468
   265925809
   265987149
   266048488
   266109826
   266171163
   266232499
   266293834
   266355168
   266416501
   266477833
   266539164
   266600494
   266661823
   266723151
   266784478
   266845804
   266907129
   266968453
   267029776
   267091098
   267152419
   267213739
   267275058
   267336376
   267397693
   267459009
   267520324
   267581638
   267642951
   267704263
   267765574
   267826884
   267888193
   267949501
   268010808
   268072114
   268133419
   268194723
   268256026
   268317328
   268378629
   268439929
   268501228
   268562526
   268623823
   268685119
   268746414
   268807708
   268869001
   268930293
   268991584
   269052874
   269114163
   269175451
   269236738
   269298024
   269359309
   269420593
   269481876
   269543158
   269604439
   269665719
   269726998
   269788276
   269849553
   269910829
   269972104
   270033378
   270094651
   270155923
   270217194
   270278464
   270339733
   270401001
   270462268
   270523534
   270584799
   270646063
   270707326
   270768588
   270829849
   270891109
   270952368
   271013626
   271074883
   271136139
   271197394
   271258648
   271319901
   271381153
   271442404
   271503654
   271564903
   271626151
   271687398
   271748644
   271809889
   271871133
   271932376
   271993618
   272054859
   272116099
   272177338
   272238576
   272299813
   272361049
   272422284
   272483518
   272544751
   272605983
   272667214
   272728444
   272789673
   272850901
   272912128
   272973354
   273034579
   273095803
   273157026
   273218248
   273279469
   273340689
   273401908
   273463126
   273524343
   273585559
   273646774
   273707988
   273769201
   273830413
   273891624
   273952834
   274014043
   274075251
   274136458
   274197664
   274258869
   274320073
   274381276
   274442478
   274503679
   274564879
   274626078
   274687276
   274748473
   274809669
   274870864
   274932058
   274993251
   275054443
   275115634
   275176824
   275238013
   275299201
   275360388
   275421574
   275482759
   275543943
   275605126
   275666308
   275727489
   275788669
   275849848
   275911026
   275972203
   276033379
   276094554
   276155728
   276216901
   276278073
   276339244
   276400414
   276461583
   276522751
   276583918
   276645084
   276706249
   276767413
   276828576
   276889738
   276950899
   277012059
   277073218
   277134376
   277195533
   277256689
   277317844
   277378998
   277440151
   277501303
   277562454
   277623604
   277684753
   277745901
   277807048
   277868194
   277929339
   277990483
   278051626
   278112768
   278173909
   278235049
   278296188
   278357326
   278418463
   278479599
   278540734
   278601868
   278663001
   278724133
   278785264
   278846394
   278907523
   278968651
   279029778
   279090904
   279152029
   279213153
   279274276
   279335398
   279396519
   279457639
   279518758
   279579876
   279640993
   279702109
   279763224
   279824338
   279885451
   279946563
   280007674
   280068784
   280129893
   280191001
   280252108
   280313214
   280374319
   280435423
   280496526
   280557628
   280618729
   280679829
   280740928
   280802026
   280863123
   280924219
   280985314
   281046408
   281107501
   281168593
   281229684
   281290774
   281351863
   281412951
   281474038
   281535124
   281596209
   281657293
   281718376
   281779458
   281840539
   281901619
   281962698
   282023776
   282084853
   282145929
   282207004
   282268078
   282329151
   282390223
   282451294
   282512364
   282573433
   282634501
   282695568
   282756634
   282817699
   282878763
   282939826
   283000888
   283061949
   283123009
   283184068
   283245126
   283306183
   283367239
   283428294
   283489348
   283550401
   283611453
   283672504
   283733554
   283794603
   283855651
   283916698
   283977744
   284038789
   284099833
   284160876
   284221918
   284282959
   284343999
   284405038
   284466076
   284527113
   284588149
   284649184
   284710218
   284771251
   284832283
   284893314
   284954344
   285015373
   285076401
   285137428
   285198454
   285259479
   285320503
   285381526
   285442548
   285503569
   285564589
   285625608
   285686626
   285747643
   285808659
   285869674
   285930688
   285991701
   286052713
   286113724
   286174734
   286235743
   286296751
   286357758
   286418764
   286479769
   286540773
   286601776
   286662778
   286723779
   286784779
   286845778
   286906776
   286967773
   287028769
   287089764
   287150758
   287211751
   287272743
   287333734
   287394724
   287455713
   287516701
   287577688
   287638674
   287699659
   287760643
   287821626
   287882608
   287943589
   288004569
   288065548
   288126526
   288187503
   288248479
   288309454
   288370428
   288431401
   288492373
   288553344
   288614314
   288675283
   288736251
   288797218
   288858184
   288919149
   288980113
   289041076
   289102038
   289162999
   289223959
   289284918
   289345876
   289406833
   289467789
   289528744
   289589698
   289650651
   289711603
   289772554
   289833504
   289894453
   289955401
   290016348
   290077294
   290138239
   290199183
   290260126
   290321068
   290382009
   290442949
   290503888
   290564826
   290625763
   290686699
   290747634
   290808568
   290869501
   290930433
   290991364
   291052294
   291113223
   291174151
   291235078
   291296004
   291356929
   291417853
   291478776
   291539698
   291600619
   291661539
   291722458
   291783376
   291844293
   291905209
   291966124
   292027038
   292087951
   292148863
   292209774
   292270684
   292331593
   292392501
   292453408
   292514314
   292575219
   292636123
   292697026
   292757928
   292818829
   292879729
   292940628
   293001526
   293062423
   293123319
   293184214
   293245108
   293306001
   293366893
   293427784
   293488674
   293549563
   293610451
   293671338
   293732224
   293793109
   293853993
   293914876
   293975758
   294036639
   294097519
   294158398
   294219276
   294280153
   294341029
   294401904
   294462778
   294523651
   294584523
   294645394
   294706264
   294767133
   294828001
   294888868
   294949734
   295010599
   295071463
   295132326
   295193188
   295254049
   295314909
   295375768
   295436626
   295497483
   295558339
   295619194
   295680048
   295740901
   295801753
   295862604
   295923454
   295984303
   296045151
   296105998
   296166844
   296227689
   296288533
   296349376
   296410218
   296471059
   296531899
   296592738
   296653576
   296714413
   296775249
   296836084
   296896918
   296957751
   297018583
   297079414
   297140244
   297201073
   297261901
   297322728
   297383554
   297444379
   297505203
   297566026
   297626848
   297687669
   297748489
   297809308
   297870126
   297930943
   297991759
   298052574
   298113388
   298174201
   298235013
   298295824
   298356634
   298417443
   298478251
   298539058
   298599864
   298660669
   298721473
   298782276
   298843078
   298903879
   298964679
   299025478
   299086276
   299147073
   299207869
   299268664
   299329458
   299390251
   299451043
   299511834
   299572624
   299633413
   299694201
   299754988
   299815774
   299876559
   299937343
   299998126
   300058908
   300119689
   300180469
   300241248
   300302026
   300362803
   300423579
   300484354
   300545128
   300605901
   300666673
   300727444
   300788214
   300848983
   300909751
   300970518
   301031284
   301092049
   301152813
   301213576
   301274338
   301335099
   301395859
   301456618
   301517376
   301578133
   301638889
   301699644
   301760398
   301821151
   301881903
   301942654
   302003404
   302064153
   302124901
   302185648
   302246394
   302307139
   302367883
   302428626
   302489368
   302550109
   302610849
   302671588
   302732326
   302793063
   302853799
   302914534
   302975268
   303036001
   303096733
   303157464
   303218194
   303278923
   303339651
   303400378
   303461104
   303521829
   303582553
   303643276
   303703998
   303764719
   303825439
   303886158
   303946876
   304007593
   304068309
   304129024
   304189738
   304250451
   304311163
   304371874
   304432584
   304493293
   304554001
   304614708
   304675414
   304736119
   304796823
   304857526
   304918228
   304978929
   305039629
   305100328
   305161026
   305221723
   305282419
   305343114
   305403808
   305464501
   305525193
   305585884
   305646574
   305707263
   305767951
   305828638
   305889324
   305950009
   306010693
   306071376
   306132058
   306192739
   306253419
   306314098
   306374776
   306435453
   306496129
   306556804
   306617478
   306678151
   306738823
   306799494
   306860164
   306920833
   306981501
   307042168
   307102834
   307163499
   307224163
   307284826
   307345488
   307406149
   307466809
   307527468
   307588126
   307648783
   307709439
   307770094
   307830748
   307891401
   307952053
   308012704
   308073354
   308134003
   308194651
   308255298
   308315944
   308376589
   308437233
   308497876
   308558518
   308619159
   308679799
   308740438
   308801076
   308861713
   308922349
   308982984
   309043618
   309104251
   309164883
   309225514
   309286144
   309346773
   309407401
   309468028
   309528654
   309589279
   309649903
   309710526
   309771148
   309831769
   309892389
   309953008
   310013626
   310074243
   310134859
   310195474
   310256088
   310316701
   310377313
   310437924
   310498534
   310559143
   310619751
   310680358
   310740964
   310801569
   310862173
   310922776
   310983378
   311043979
   311104579
   311165178
   311225776
   311286373
   311346969
   311407564
   311468158
   311528751
   311589343
   311649934
   311710524
   311771113
   311831701
   311892288
   311952874
   312013459
   312074043
   312134626
   312195208
   312255789
   312316369
   312376948
   312437526
   312498103
   312558679
   312619254
   312679828
   312740401
   312800973
   312861544
   312922114
   312982683
   313043251
   313103818
   313164384
   313224949
   313285513
   313346076
   313406638
   313467199
   313527759
   313588318
   313648876
   313709433
   313769989
   313830544
   313891098
   313951651
   314012203
   314072754
   314133304
   314193853
   314254401
   314314948
   314375494
   314436039
   314496583
   314557126
   314617668
   314678209
   314738749
   314799288
   314859826
   314920363
   314980899
   315041434
   315101968
   315162501
   315223033
   315283564
   315344094
   315404623
   315465151
   315525678
   315586204
   315646729
   315707253
   315767776
   315828298
   315888819
   315949339
   316009858
   316070376
   316130893
   316191409
   316251924
   316312438
   316372951
   316433463
   316493974
   316554484
   316614993
   316675501
   316736008
   316796514
   316857019
   316917523
   316978026
   317038528
   317099029
   317159529
   317220028
   317280526
   317341023
   317401519
   317462014
   317522508
   317583001
   317643493
   317703984
   317764474
   317824963
   317885451
   317945938
   318006424
   318066909
   318127393
   318187876
   318248358
   318308839
   318369319
   318429798
   318490276
   318550753
   318611229
   318671704
   318732178
   318792651
   318853123
   318913594
   318974064
   319034533
   319095001
   319155468
   319215934
   319276399
   319336863
   319397326
   319457788
   319518249
   319578709
   319639168
   319699626
   319760083
   319820539
   319880994
   319941448
   320001901
   320062353
   320122804
   320183254
   320243703
   320304151
   320364598
   320425044
   320485489
   320545933
   320606376
   320666818
   320727259
   320787699
   320848138
   320908576
   320969013
   321029449
   321089884
   321150318
   321210751
   321271183
   321331614
   321392044
   321452473
   321512901
   321573328
   321633754
   321694179
   321754603
   321815026
   321875448
   321935869
   321996289
   322056708
   322117126
   322177543
   322237959
   322298374
   322358788
   322419201
   322479613
   322540024
   322600434
   322660843
   322721251
   322781658
   322842064
   322902469
   322962873
   323023276
   323083678
   323144079
   323204479
   323264878
   323325276
   323385673
   323446069
   323506464
   323566858
   323627251
   323687643
   323748034
   323808424
   323868813
   323929201
   323989588
   324049974
   324110359
   324170743
   324231126
   324291508
   324351889
   324412269
   324472648
   324533026
   324593403
   324653779
   324714154
   324774528
   324834901
   324895273
   324955644
   325016014
   325076383
   325136751
   325197118
   325257484
   325317849
   325378213
   325438576
   325498938
   325559299
   325619659
   325680018
   325740376
   325800733
   325861089
   325921444
   325981798
   326042151
   326102503
   326162854
   326223204
   326283553
   326343901
   326404248
   326464594
   326524939
   326585283
   326645626
   326705968
   326766309
   326826649
   326886988
   326947326
   327007663
   327067999
   327128334
   327188668
   327249001
   327309333
   327369664
   327429994
   327490323
   327550651
   327610978
   327671304
   327731629
   327791953
   327852276
   327912598
   327972919
   328033239
   328093558
   328153876
   328214193
   328274509
   328334824
   328395138
   328455451
   328515763
   328576074
   328636384
   328696693
   328757001
   328817308
   328877614
   328937919
   328998223
   329058526
   329118828
   329179129
   329239429
   329299728
   329360026
   329420323
   329480619
   329540914
   329601208
   329661501
   329721793
   329782084
   329842374
   329902663
   329962951
   330023238
   330083524
   330143809
   330204093
   330264376
   330324658
   330384939
   330445219
   330505498
   330565776
   330626053
   330686329
   330746604
   330806878
   330867151
   330927423
   330987694
   331047964
   331108233
   331168501
   331228768
   331289034
   331349299
   331409563
   331469826
   331530088
   331590349
   331650609
   331710868
   331771126
   331831383
   331891639
   331951894
   332012148
   332072401
   332132653
   332192904
   332253154
   332313403
   332373651
   332433898
   332494144
   332554389
   332614633
   332674876
   332735118
   332795359
   332855599
   332915838
   332976076
   333036313
   333096549
   333156784
   333217018
   333277251
   333337483
   333397714
   333457944
   333518173
   333578401
   333638628
   333698854
   333759079
   333819303
   333879526
   333939748
   333999969
   334060189
   334120408
   334180626
   334240843
   334301059
   334361274
   334421488
   334481701
   334541913
   334602124
   334662334
   334722543
   334782751
   334842958
   334903164
   334963369
   335023573
   335083776
   335143978
   335204179
   335264379
   335324578
   335384776
   335444973
   335505169
   335565364
   335625558
   335685751
   335745943
   335806134
   335866324
   335926513
   335986701
   336046888
   336107074
   336167259
   336227443
   336287626
   336347808
   336407989
   336468169
   336528348
   336588526
   336648703
   336708879
   336769054
   336829228
   336889401
   336949573
   337009744
   337069914
   337130083
   337190251
   337250418
   337310584
   337370749
   337430913
   337491076
   337551238
   337611399
   337671559
   337731718
   337791876
   337852033
   337912189
   337972344
   338032498
   338092651
   338152803
   338212954
   338273104
   338333253
   338393401
   338453548
   338513694
   338573839
   338633983
   338694126
   338754268
   338814409
   338874549
   338934688
   338994826
   339054963
   339115099
   339175234
   339235368
   339295501
   339355633
   339415764
   339475894
   339536023
   339596151
   339656278
   339716404
   339776529
   339836653
   339896776
   339956898
   340017019
   340077139
   340137258
   340197376
   340257493
   340317609
   340377724
   340437838
   340497951
   340558063
   340618174
   340678284
   340738393
   340798501
   340858608
   340918714
   340978819
   341038923
   341099026
   341159128
   341219229
   341279329
   341339428
   341399526
   341459623
   341519719
   341579814
   341639908
   341700001
   341760093
   341820184
   341880274
   341940363
   342000451
   342060538
   342120624
   342180709
   342240793
   342300876
   342360958
   342421039
   342481119
   342541198
   342601276
   342661353
   342721429
   342781504
   342841578
   342901651
   342961723
   343021794
   343081864
   343141933
   343202001
   343262068
   343322134
   343382199
   343442263
   343502326
   343562388
   343622449
   343682509
   343742568
   343802626
   343862683
   343922739
   343982794
   344042848
   344102901
   344162953
   344223004
   344283054
   344343103
   344403151
   344463198
   344523244
   344583289
   344643333
   344703376
   344763418
   344823459
   344883499
   344943538
   345003576
   345063613
   345123649
   345183684
   345243718
   345303751
   345363783
   345423814
   345483844
   345543873
   345603901
   345663928
   345723954
   345783979
   345844003
   345904026
   345964048
   346024069
   346084089
   346144108
   346204126
   346264143
   346324159
   346384174
   346444188
   346504201
   346564213
   346624224
   346684234
   346744243
   346804251
   346864258
   346924264
   346984269
   347044273
   347104276
   347164278
   347224279
   347284279
   347344278
   347404276
   347464273
   347524269
   347584264
   347644258
   347704251
   347764243
   347824234
   347884224
   347944213
   348004201
   348064188
   348124174
   348184159
   348244143
   348304126
   348364108
   348424089
   348484069
   348544048
   348604026
   348664003
   348723979
   348783954
   348843928
   348903901
   348963873
   349023844
   349083814
   349143783
   349203751
   349263718
   349323684
   349383649
   349443613
   349503576
   349563538
   349623499
   349683459
   349743418
   349803376
   349863333
   349923289
   349983244
   350043198
   350103151
   350163103
   350223054
   350283004
   350342953
   350402901
   350462848
   350522794
   350582739
   350642683
   350702626
   350762568
   350822509
   350882449
   350942388
   351002326
   351062263
   351122199
   351182134
   351242068
   351302001
   351361933
   351421864
   351481794
   351541723
   351601651
   351661578
   351721504
   351781429
   351841353
   351901276
   351961198
   352021119
   352081039
   352140958
   352200876
   352260793
   352320709
   352380624
   352440538
   352500451
   352560363
   352620274
   352680184
   352740093
   352800001
   352859908
   352919814
   352979719
   353039623
   353099526
   353159428
   353219329
   353279229
   353339128
   353399026
   353458923
   353518819
   353578714
   353638608
   353698501
   353758393
   353818284
   353878174
   353938063
   353997951
   354057838
   354117724
   354177609
   354237493
   354297376
   354357258
   354417139
   354477019
   354536898
   354596776
   354656653
   354716529
   354776404
   354836278
   354896151
   354956023
   355015894
   355075764
   355135633
   355195501
   355255368
   355315234
   355375099
   355434963
   355494826
   355554688
   355614549
   355674409
   355734268
   355794126
   355853983
   355913839
   355973694
   356033548
   356093401
   356153253
   356213104
   356272954
   356332803
   356392651
   356452498
   356512344
   356572189
   356632033
   356691876
   356751718
   356811559
   356871399
   356931238
   356991076
   357050913
   357110749
   357170584
   357230418
   357290251
   357350083
   357409914
   357469744
   357529573
   357589401
   357649228
   357709054
   357768879
   357828703
   357888526
   357948348
   358008169
   358067989
   358127808
   358187626
   358247443
   358307259
   358367074
   358426888
   358486701
   358546513
   358606324
   358666134
   358725943
   358785751
   358845558
   358905364
   358965169
   359024973
   359084776
   359144578
   359204379
   359264179
   359323978
   359383776
   359443573
   359503369
   359563164
   359622958
   359682751
   359742543
   359802334
   359862124
   359921913
   359981701
   360041488
   360101274
   360161059
   360220843
   360280626
   360340408
   360400189
   360459969
   360519748
   360579526
   360639303
   360699079
   360758854
   360818628
   360878401
   360938173
   360997944
   361057714
   361117483
   361177251
   361237018
   361296784
   361356549
   361416313
   361476076
   361535838
   361595599
   361655359
   361715118
   361774876
   361834633
   361894389
   361954144
   362013898
   362073651
   362133403
   362193154
   362252904
   362312653
   362372401
   362432148
   362491894
   362551639
   362611383
   362671126
   362730868
   362790609
   362850349
   362910088
   362969826
   363029563
   363089299
   363149034
   363208768
   363268501
   363328233
   363387964
   363447694
   363507423
   363567151
   363626878
   363686604
   363746329
   363806053
   363865776
   363925498
   363985219
   364044939
   364104658
   364164376
   364224093
   364283809
   364343524
   364403238
   364462951
   364522663
   364582374
   364642084
   364701793
   364761501
   364821208
   364880914
   364940619
   365000323
   365060026
   365119728
   365179429
   365239129
   365298828
   365358526
   365418223
   365477919
   365537614
   365597308
   365657001
   365716693
   365776384
   365836074
   365895763
   365955451
   366015138
   366074824
   366134509
   366194193
   366253876
   366313558
   366